0.3 -1  0.0088
0.55    -0.9    0.0024
0.55    0   0.0011
0.6 -0.85   0.0134
0.65    -0.8    0.0039
0.7 -0.8    0.0085
0.75    -0.75   0.0465
0.75    -0.1    0.001
0.75    -0.05   0.0033
0.75    0   0.0045
0.75    0.05    0.0034
0.75    0.1 0.0012
0.8 -1.3    0.0011
0.8 -0.75   0.0019
0.8 -0.7    0.095
0.8 -0.65   0.0029
0.8 -0.1    0.0027
0.8 -0.05   0.0085
0.8 0   0.0118
0.8 0.05    0.0088
0.8 0.1 0.003
0.8 1.3 0.001
0.85    -1.35   0.001
0.85    -1.3    0.0017
0.85    -1.25   0.0015
0.85    -0.75   0.0014
0.85    -0.7    0.0068
0.85    -0.65   0.1629
0.85    -0.6    0.0017
0.85    -0.1    0.0046
0.85    -0.05   0.014
0.85    0   0.0194
0.85    0.05    0.0143
0.85    0.1 0.0048
0.85    0.25    0.001
0.85    1.25    0.0013
0.85    1.3 0.0016
0.9 -1.35   0.0011
0.9 -1.3    0.0018
0.9 -1.25   0.0015
0.9 -0.75   0.0011
0.9 -0.7    0.0027
0.9 -0.65   0.0043
0.9 -0.6    0.015
0.9 -0.55   0.0051
0.9 -0.25   0.0011
0.9 -0.1    0.0055
0.9 -0.05   0.0168
0.9 0   0.023
0.9 0.05    0.0168
0.9 0.1 0.0055
0.9 0.25    0.0012
0.9 1.25    0.0014
0.9 1.3 0.0017
0.9 1.35    0.0011
0.95    -1.3    0.0014
0.95    -1.25   0.0012
0.95    -0.7    0.0014
0.95    -0.65   0.0012
0.95    -0.55   0.0102
0.95    -0.5    0.2676
0.95    -0.4    0.0015
0.95    -0.25   0.0011
0.95    -0.1    0.0051
0.95    -0.05   0.0154
0.95    0   0.0209
0.95    0.05    0.015
0.95    0.1 0.0048
0.95    0.25    0.001
0.95    1.25    0.0011
0.95    1.3 0.0014
1   -0.5    0.0013
1   -0.45   0.0239
1   -0.4    0.0063
1   -0.35   0.0011
1   -0.1    0.0037
1   -0.05   0.011
1   0   0.0144
1   0.05    0.0101
1   0.1 0.0031
1.05    -0.4    0.0013
1.05    -0.35   0.2139
1.05    -0.25   0.0012
1.05    -0.1    0.0022
1.05    -0.05   0.0058
1.05    0   0.0073
1.05    0.05    0.0048
1.05    0.1 0.0014
1.1 -0.25   0.0572
1.1 -0.2    0.0017
1.1 -0.1    0.0011
1.1 -0.05   0.0023
1.1 0   0.0023
1.1 0.05    0.0014
1.15    -0.1    0.2466
1.15    -0.05   0.0094
1.15    0   0.0044
1.15    0.05    0.0016
1.2 -0.05   0.0076
1.2 0   0.0777
1.2 0.05    0.182
1.2 0.1 0.0055
1.25    0.2 0.0193
1.25    0.25    0.0208
1.3 0.45    0.0029
1.3 0.5 0.0463
1.3 0.55    0.0245
1.3 0.6 0.0085
1.3 0.65    0.0011
1.35    0.85    0.0015
1.35    0.9 0.0024
1.35    0.95    0.0061
1.35    1   0.0017
1.35    1.25    0.0011
1.4 -1.4    0.0018
1.4 -1.35   0.0027
1.4 -1.3    0.0028
1.4 -1.25   0.0015
1.4 -0.05   0.001
1.4 0   0.0013
1.4 1.15    0.001
1.4 1.2 0.0348
1.4 1.25    0.1633
1.4 1.3 0.626
1.4 1.35    0.0777
1.4 1.4 0.003
1.45    -1.4    0.0014
1.45    -1.35   0.0082
1.45    -1.3    0.0313
1.45    -1.25   0.044
1.45    -1.2    0.0341
1.45    -1.15   0.0017
1.45    -1.1    0.0033
1.45    -1.05   0.0023
1.45    -0.05   0.0014
1.45    0   0.0017
1.45    0.05    0.0011
1.45    1.25    0.0024
1.45    1.3 0.0032
1.45    1.35    0.0025
1.45    1.4 0.0011
1.45    1.55    0.0049
1.5 -1.4    0.0012
1.5 -1.35   0.0034
1.5 -1.3    0.0017
1.5 -1.25   0.0011
1.5 -0.8    0.0021
1.5 -0.75   0.0152
1.5 -0.7    0.0013
1.5 -0.05   0.0014
1.5 0   0.0016
1.55    -0.45   0.0023
1.55    -0.4    0.0037
1.55    -0.3    0.0011
1.55    -0.05   0.0013
1.55    0   0.0012
1.6 -1.35   0.0022
1.6 -1.3    0.0058
1.6 -1.25   0.0061
1.6 -1.2    0.0027
1.6 -0.1    0.0037
1.6 -0.05   0.0188
1.6 0   0.1424
1.6 0.05    0.0758
1.6 0.1 0.0309
1.6 0.15    0.0013
1.65    -1.4    0.0016
1.65    -1.35   0.0056
1.65    -1.3    0.0093
1.65    -1.25   0.0081
1.65    -1.2    0.0034
1.65    -1.05   0.0011
1.65    -0.9    0.002
1.65    -0.4    0.0056
1.65    -0.35   0.0014
1.65    -0.25   0.0015
1.65    -0.1    0.0023
1.65    -0.05   0.0066
1.65    0   0.009
1.65    0.05    0.0069
1.65    0.1 0.0026
1.65    0.4 0.0041
1.65    0.45    0.002
1.65    0.55    0.0051
1.65    2.5 0.0023
1.65    2.55    0.001
1.7 -1.4    0.0025
1.7 -1.35   0.0089
1.7 -1.3    0.0144
1.7 -1.25   0.0125
1.7 -1.2    0.0049
1.7 -1.05   0.0015
1.7 -0.6    0.0022
1.7 -0.55   0.0017
1.7 -0.2    0.0011
1.7 -0.1    0.0314
1.7 -0.05   0.4548
1.7 0   0.5397
1.7 0.05    0.1075
1.7 0.1 0.0173
1.7 0.85    0.0014
1.7 0.9 0.0082
1.7 0.95    0.0039
1.7 1.05    0.0033
1.7 1.25    0.0021
1.7 1.3 0.0018
1.7 2.65    0.0014
1.75    -1.4    0.0024
1.75    -1.35   0.0081
1.75    -1.3    0.013
1.75    -1.25   0.0109
1.75    -1.2    0.0042
1.75    -1.05   0.0014
1.75    -0.6    0.0014
1.75    -0.55   0.001
1.75    -0.4    0.0025
1.75    -0.3    0.0044
1.75    -0.25   0.0109
1.75    -0.2    0.0021
1.75    -0.1    0.0054
1.75    -0.05   0.0125
1.75    0   0.0161
1.75    0.05    0.0124
1.75    0.1 0.0054
1.75    0.2 0.0026
1.75    0.25    0.007
1.75    0.3 0.0075
1.75    0.35    0.0011
1.75    0.4 0.0028
1.75    0.45    0.0012
1.75    1.2 0.0021
1.75    1.25    0.0154
1.75    1.3 0.0585
1.75    1.35    0.0898
1.75    1.4 0.0083
1.8 -1.4    0.0013
1.8 -1.35   0.0044
1.8 -1.3    0.007
1.8 -1.25   0.0059
1.8 -1.2    0.0022
1.8 -0.6    0.0015
1.8 -0.4    0.0014
1.8 -0.25   0.0024
1.8 -0.2    0.0012
1.8 -0.1    0.0078
1.8 -0.05   0.0538
1.8 0   0.0977
1.8 0.05    0.0901
1.8 0.1 0.0205
1.8 0.65    0.0059
1.8 0.7 0.0063
1.8 0.75    0.0021
1.85    -1.35   0.0012
1.85    -1.3    0.0018
1.85    -1.25   0.0015
1.85    -0.65   0.0011
1.85    -0.25   0.001
1.85    -0.1    0.005
1.85    -0.05   0.0124
1.85    0   0.015
1.85    0.05    0.0096
1.85    0.1 0.0025
1.85    1.05    0.0012
1.9 -0.75   0.0011
1.9 -0.7    0.0013
1.9 -0.05   0.0023
1.9 0   0.0028
1.9 0.05    0.0019
1.9 0.65    0.0021
1.9 0.7 0.0012
1.95    -0.05   0.0029
1.95    0   0.0038
1.95    0.05    0.0026
1.95    0.55    0.0012
1.95    0.6 0.0011
2   -0.05   0.002
2   0   0.0026
2   0.05    0.0018
2.05    0   0.0014
2.05    0.05    0.001
2.1 -0.05   0.0033
2.1 0   0.0045
2.1 0.05    0.0032
2.15    -0.1    0.0013
2.15    -0.05   0.0044
2.15    0   0.0059
2.15    0.05    0.0041
2.15    0.1 0.0012
2.2 -0.05   0.0024
2.2 0   0.0031
2.2 0.05    0.0021
2.25    -0.1    0.0015
2.25    -0.05   0.0038
2.25    0   0.0049
2.25    0.05    0.0037
2.25    0.1 0.0014
2.3 -1.35   0.0012
2.3 -1.3    0.0019
2.3 -1.25   0.0016
2.3 -0.1    0.0042
2.3 -0.05   0.0119
2.3 0   0.016
2.3 0.05    0.0115
2.3 0.1 0.0039
2.3 1.25    0.0021
2.3 1.3 0.0024
2.3 1.35    0.0014
2.35    -1.35   0.0018
2.35    -1.3    0.0028
2.35    -1.25   0.0023
2.35    -0.1    0.006
2.35    -0.05   0.0175
2.35    0   0.023
2.35    0.05    0.0163
2.35    0.1 0.005
2.35    1.2 0.0012
2.35    1.25    0.003
2.35    1.3 0.0034
2.35    1.35    0.0021
2.4 -1.35   0.0012
2.4 -1.3    0.0019
2.4 -1.25   0.0015
2.4 -0.1    0.0042
2.4 -0.05   0.0121
2.4 0   0.0159
2.4 0.05    0.0107
2.4 0.1 0.0032
2.4 1.25    0.002
2.4 1.3 0.0023
2.4 1.35    0.0013
2.45    -0.1    0.0011
2.45    -0.05   0.0032
2.45    0   0.0042
2.45    0.05    0.0028
2.5 -0.1    0.0013
2.5 -0.05   0.0041
2.5 0   0.0062
2.5 0.05    0.0048
2.5 0.1 0.0019
2.55    -1.35   0.0013
2.55    -1.3    0.0022
2.55    -1.25   0.0019
2.55    -0.1    0.0041
2.55    -0.05   0.0131
2.55    0   0.0184
2.55    0.05    0.0137
2.55    0.1 0.0046
2.55    1.25    0.0022
2.55    1.3 0.0027
2.55    1.35    0.0017
2.6 -1.35   0.0016
2.6 -1.3    0.0025
2.6 -1.25   0.0021
2.6 -0.1    0.0051
2.6 -0.05   0.0154
2.6 0   0.0212
2.6 0.05    0.0151
2.6 0.1 0.0049
2.6 1.25    0.0026
2.6 1.3 0.0031
2.6 1.35    0.0019
2.65    -1.3    0.0012
2.65    -0.1    0.0027
2.65    -0.05   0.0078
2.65    0   0.0102
2.65    0.05    0.0071
2.65    0.1 0.0022
2.65    1.25    0.0013
2.65    1.3 0.0015
2.7 -0.1    0.0013
2.7 -0.05   0.0037
2.7 0   0.0051
2.7 0.05    0.0038
2.7 0.1 0.0014
2.75    -1.35   0.0012
2.75    -1.3    0.0019
2.75    -1.25   0.0017
2.75    -0.1    0.0035
2.75    -0.05   0.0111
2.75    0   0.0157
2.75    0.05    0.0119
2.75    0.1 0.0041
2.75    1.25    0.0019
2.75    1.3 0.0023
2.75    1.35    0.0015
2.8 -1.35   0.0019
2.8 -1.3    0.0031
2.8 -1.25   0.0026
2.8 -0.25   0.001
2.8 -0.1    0.0058
2.8 -0.05   0.0179
2.8 0   0.0251
2.8 0.05    0.0183
2.8 0.1 0.0061
2.8 0.25    0.0012
2.8 1.2 0.0011
2.8 1.25    0.0031
2.8 1.3 0.0037
2.8 1.35    0.0023
2.85    -1.35   0.0012
2.85    -1.3    0.0019
2.85    -1.25   0.0016
2.85    -0.1    0.0037
2.85    -0.05   0.0116
2.85    0   0.0161
2.85    0.05    0.0116
2.85    0.1 0.0035
2.85    1.25    0.002
2.85    1.3 0.0023
2.85    1.35    0.0014
2.9 -0.05   0.0015
2.9 0   0.002
2.9 0.05    0.0014
2.95    -0.1    0.0012
2.95    -0.05   0.004
2.95    0   0.006
2.95    0.05    0.0048
2.95    0.1 0.0018
3   -1.35   0.0017
3   -1.3    0.0029
3   -1.25   0.0025
3   -0.1    0.005
3   -0.05   0.0164
3   0   0.0234
3   0.05    0.0176
3   0.1 0.0061
3   0.25    0.0012
3   1.25    0.0028
3   1.3 0.0034
3   1.35    0.0022
3.05    -1.35   0.002
3.05    -1.3    0.0033
3.05    -1.25   0.0028
3.05    -1.2    0.0011
3.05    -0.25   0.0011
3.05    -0.1    0.0059
3.05    -0.05   0.0192
3.05    0   0.027
3.05    0.05    0.02
3.05    0.1 0.0065
3.05    0.2 0.001
3.05    0.25    0.0014
3.05    1.2 0.0011
3.05    1.25    0.0033
3.05    1.3 0.004
3.05    1.35    0.0025
3.1 -1.3    0.0014
3.1 -1.25   0.0012
3.1 -0.1    0.0025
3.1 -0.05   0.0082
3.1 0   0.0115
3.1 0.05    0.0082
3.1 0.1 0.0027
3.1 1.25    0.0014
3.1 1.3 0.0017
3.1 1.35    0.001
3.15    0   0.0012
3.2 -1.3    0.0013
3.2 -1.25   0.0011
3.2 -0.1    0.0024
3.2 -0.05   0.0075
3.2 0   0.0107
3.2 0.05    0.0079
3.2 0.1 0.0027
3.2 1.25    0.0013
3.2 1.3 0.0016
3.25    -1.35   0.0016
3.25    -1.3    0.0027
3.25    -1.25   0.0023
3.25    -0.1    0.0049
3.25    -0.05   0.0154
3.25    0   0.0217
3.25    0.05    0.0161
3.25    0.1 0.0052
3.25    1.25    0.0026
3.25    1.3 0.0032
3.25    1.35    0.002
3.3 -1.35   0.0011
3.3 -1.3    0.0019
3.3 -1.25   0.0016
3.3 -0.1    0.0034
3.3 -0.05   0.0109
3.3 0   0.0152
3.3 0.05    0.011
3.3 0.1 0.0034
3.3 1.25    0.0019
3.3 1.3 0.0022
3.3 1.35    0.0014
3.35    -0.05   0.002
3.35    0   0.0028
3.35    0.05    0.002
3.4 -0.05   0.0021
3.4 0   0.003
3.4 0.05    0.0023
3.45    -0.1    0.0013
3.45    -0.05   0.0045
3.45    0   0.0065
3.45    0.05    0.0048
3.45    0.1 0.0016
3.5 -0.05   0.0014
3.5 0   0.0019
3.5 0.05    0.0012
3.55    -1.35   0.0017
3.55    -1.3    0.0026
3.55    -1.25   0.0022
3.55    -0.25   0.0012
3.55    -0.1    0.0064
3.55    -0.05   0.0159
3.55    0   0.0208
3.55    0.05    0.0148
3.55    0.1 0.0054
3.55    1.2 0.0013
3.55    1.25    0.0028
3.55    1.3 0.003
3.55    1.35    0.0018
3.6 -1.4    0.0026
3.6 -1.35   0.0084
3.6 -1.3    0.0133
3.6 -1.25   0.0112
3.6 -1.2    0.0045
3.6 -1.05   0.0012
3.6 -0.6    0.0013
3.6 -0.45   0.0012
3.6 -0.4    0.0018
3.6 -0.3    0.0015
3.6 -0.25   0.0052
3.6 -0.2    0.0026
3.6 -0.15   0.002
3.6 -0.1    0.0286
3.6 -0.05   0.0798
3.6 0   0.105
3.6 0.05    0.0769
3.6 0.1 0.0272
3.6 0.15    0.0017
3.6 0.2 0.0021
3.6 0.25    0.0041
3.6 0.3 0.0012
3.6 0.4 0.0012
3.6 0.45    0.0012
3.6 0.7 0.0012
3.6 1.05    0.0017
3.6 1.2 0.0056
3.6 1.25    0.0134
3.6 1.3 0.0153
3.6 1.35    0.0095
3.6 1.4 0.0028
3.65    -1.4    0.0052
3.65    -1.35   0.0173
3.65    -1.3    0.0275
3.65    -1.25   0.0235
3.65    -1.2    0.0094
3.65    -1.1    0.0013
3.65    -1.05   0.0026
3.65    -0.9    0.0015
3.65    -0.85   0.0011
3.65    -0.6    0.0022
3.65    -0.55   0.0017
3.65    -0.45   0.0023
3.65    -0.4    0.0039
3.65    -0.3    0.0026
3.65    -0.25   0.0103
3.65    -0.2    0.0057
3.65    -0.15   0.0029
3.65    -0.1    0.0573
3.65    -0.05   0.162
3.65    0   0.22
3.65    0.05    0.1603
3.65    0.1 0.0566
3.65    0.15    0.0034
3.65    0.2 0.0052
3.65    0.25    0.0091
3.65    0.3 0.0022
3.65    0.4 0.0032
3.65    0.45    0.0021
3.65    0.7 0.002
3.65    0.75    0.0014
3.65    0.85    0.0013
3.65    0.9 0.0021
3.65    1.05    0.0034
3.65    1.1 0.0018
3.65    1.2 0.0112
3.65    1.25    0.0276
3.65    1.3 0.0321
3.65    1.35    0.0198
3.65    1.4 0.0058
3.7 -1.4    0.0057
3.7 -1.35   0.0196
3.7 -1.3    0.0311
3.7 -1.25   0.0264
3.7 -1.2    0.0103
3.7 -1.1    0.0017
3.7 -1.05   0.003
3.7 -0.9    0.0018
3.7 -0.85   0.0012
3.7 -0.6    0.0024
3.7 -0.55   0.002
3.7 -0.45   0.0025
3.7 -0.4    0.0047
3.7 -0.3    0.0026
3.7 -0.25   0.0116
3.7 -0.2    0.0067
3.7 -0.15   0.0037
3.7 -0.1    0.0628
3.7 -0.05   0.1836
3.7 0   0.2477
3.7 0.05    0.181
3.7 0.1 0.0611
3.7 0.15    0.0034
3.7 0.2 0.0064
3.7 0.25    0.0108
3.7 0.3 0.0023
3.7 0.4 0.004
3.7 0.45    0.0023
3.7 0.7 0.0022
3.7 0.75    0.0017
3.7 0.85    0.0015
3.7 0.9 0.0025
3.7 1.05    0.0038
3.7 1.1 0.0021
3.7 1.2 0.0122
3.7 1.25    0.0311
3.7 1.3 0.0361
3.7 1.35    0.0225
3.7 1.4 0.0065
3.75    -1.4    0.0033
3.75    -1.35   0.0114
3.75    -1.3    0.0183
3.75    -1.25   0.0155
3.75    -1.2    0.0059
3.75    -1.1    0.001
3.75    -1.05   0.0018
3.75    -0.9    0.0011
3.75    -0.6    0.0015
3.75    -0.55   0.0013
3.75    -0.45   0.0016
3.75    -0.4    0.003
3.75    -0.3    0.0014
3.75    -0.25   0.0067
3.75    -0.2    0.0042
3.75    -0.15   0.0018
3.75    -0.1    0.0357
3.75    -0.05   0.1068
3.75    0   0.1461
3.75    0.05    0.1049
3.75    0.1 0.0353
3.75    0.15    0.0017
3.75    0.2 0.004
3.75    0.25    0.0064
3.75    0.3 0.0014
3.75    0.4 0.0025
3.75    0.45    0.0014
3.75    0.7 0.0014
3.75    0.75    0.0011
3.75    0.9 0.0016
3.75    1.05    0.0022
3.75    1.1 0.0013
3.75    1.2 0.007
3.75    1.25    0.0182
3.75    1.3 0.0212
3.75    1.35    0.0132
3.75    1.4 0.0037
3.8 -1.35   0.0017
3.8 -1.3    0.0026
3.8 -1.25   0.0024
3.8 -0.25   0.001
3.8 -0.1    0.0055
3.8 -0.05   0.0151
3.8 0   0.0214
3.8 0.05    0.016
3.8 0.1 0.0048
3.8 1.2 0.001
3.8 1.25    0.0026
3.8 1.3 0.0032
3.8 1.35    0.0019
3.85    -1.35   0.0015
3.85    -1.3    0.0025
3.85    -1.25   0.0022
3.85    -0.1    0.0048
3.85    -0.05   0.0145
3.85    0   0.0199
3.85    0.05    0.0145
3.85    0.1 0.0049
3.85    1.25    0.0025
3.85    1.3 0.0029
3.85    1.35    0.0018
3.9 -1.4    0.0028
3.9 -1.35   0.0098
3.9 -1.3    0.0156
3.9 -1.25   0.0133
3.9 -1.2    0.0052
3.9 -1.05   0.0015
3.9 -0.9    0.001
3.9 -0.55   0.001
3.9 -0.4    0.0019
3.9 -0.3    0.0012
3.9 -0.25   0.0054
3.9 -0.2    0.0034
3.9 -0.15   0.0017
3.9 -0.1    0.0307
3.9 -0.05   0.0913
3.9 0   0.1234
3.9 0.05    0.0917
3.9 0.1 0.031
3.9 0.15    0.0015
3.9 0.2 0.0034
3.9 0.25    0.0054
3.9 0.3 0.0011
3.9 0.4 0.0022
3.9 0.45    0.001
3.9 1.05    0.0018
3.9 1.1 0.001
3.9 1.2 0.006
3.9 1.25    0.0155
3.9 1.3 0.018
3.9 1.35    0.0113
3.9 1.4 0.0033
3.95    -1.4    0.0039
3.95    -1.35   0.0133
3.95    -1.3    0.0211
3.95    -1.25   0.018
3.95    -1.2    0.0069
3.95    -1.1    0.0012
3.95    -1.05   0.002
3.95    -0.9    0.0014
3.95    -0.6    0.0013
3.95    -0.55   0.0016
3.95    -0.45   0.0012
3.95    -0.4    0.0028
3.95    -0.3    0.0016
3.95    -0.25   0.0073
3.95    -0.2    0.0046
3.95    -0.15   0.0021
3.95    -0.1    0.0425
3.95    -0.05   0.1229
3.95    0   0.1678
3.95    0.05    0.1222
3.95    0.1 0.0414
3.95    0.15    0.0018
3.95    0.2 0.0046
3.95    0.25    0.0072
3.95    0.3 0.0014
3.95    0.4 0.0031
3.95    0.45    0.0014
3.95    0.55    0.0012
3.95    0.7 0.0012
3.95    0.75    0.0013
3.95    0.9 0.0015
3.95    1.05    0.0024
3.95    1.1 0.0014
3.95    1.2 0.0082
3.95    1.25    0.0209
3.95    1.3 0.0243
3.95    1.35    0.0151
3.95    1.4 0.0044
4   -1.4    0.0018
4   -1.35   0.006
4   -1.3    0.0096
4   -1.25   0.0081
4   -1.2    0.003
4   -0.4    0.0014
4   -0.25   0.0034
4   -0.2    0.0021
4   -0.15   0.001
4   -0.1    0.0194
4   -0.05   0.0571
4   0   0.0756
4   0.05    0.0551
4   0.1 0.0183
4   0.2 0.002
4   0.25    0.0031
4   0.4 0.0014
4   1.05    0.0011
4   1.2 0.0038
4   1.25    0.0096
4   1.3 0.011
4   1.35    0.0068
4   1.4 0.002
4.05    -0.05   0.0012
4.1 -1.4    0.0023
4.1 -1.35   0.0083
4.1 -1.3    0.0135
4.1 -1.25   0.0117
4.1 -1.2    0.0045
4.1 -1.05   0.0016
4.1 -0.4    0.0019
4.1 -0.25   0.0049
4.1 -0.2    0.0031
4.1 -0.15   0.0013
4.1 -0.1    0.0247
4.1 -0.05   0.0785
4.1 0   0.1061
4.1 0.05    0.0787
4.1 0.1 0.0273
4.1 0.15    0.0014
4.1 0.2 0.0033
4.1 0.25    0.0056
4.1 0.3 0.0013
4.1 0.4 0.0018
4.1 1.05    0.0016
4.1 1.2 0.0048
4.1 1.25    0.0131
4.1 1.3 0.0154
4.1 1.35    0.0098
4.1 1.4 0.0029
4.15    -2.6    0.0012
4.15    -1.4    0.0066
4.15    -1.35   0.0228
4.15    -1.3    0.0371
4.15    -1.25   0.0315
4.15    -1.2    0.0121
4.15    -1.1    0.0024
4.15    -1.05   0.004
4.15    -0.9    0.0022
4.15    -0.85   0.0011
4.15    -0.75   0.0017
4.15    -0.7    0.0013
4.15    -0.6    0.002
4.15    -0.55   0.0025
4.15    -0.45   0.0023
4.15    -0.4    0.0053
4.15    -0.35   0.0014
4.15    -0.3    0.0025
4.15    -0.25   0.0128
4.15    -0.2    0.0086
4.15    -0.15   0.0031
4.15    -0.1    0.07
4.15    -0.05   0.211
4.15    0   0.2915
4.15    0.05    0.2143
4.15    0.1 0.072
4.15    0.15    0.0027
4.15    0.2 0.0089
4.15    0.25    0.0141
4.15    0.3 0.0033
4.15    0.4 0.0047
4.15    0.45    0.0022
4.15    0.55    0.0022
4.15    0.6 0.0016
4.15    0.7 0.0018
4.15    0.75    0.002
4.15    0.85    0.0013
4.15    0.9 0.0028
4.15    1.05    0.0042
4.15    1.1 0.0026
4.15    1.2 0.0136
4.15    1.25    0.0359
4.15    1.3 0.0421
4.15    1.35    0.0266
4.15    1.4 0.0076
4.2 -2.6    0.0011
4.2 -1.4    0.0061
4.2 -1.35   0.0217
4.2 -1.3    0.0348
4.2 -1.25   0.0298
4.2 -1.2    0.0114
4.2 -1.1    0.0022
4.2 -1.05   0.0038
4.2 -0.9    0.0019
4.2 -0.75   0.0015
4.2 -0.7    0.0011
4.2 -0.6    0.0022
4.2 -0.55   0.0026
4.2 -0.45   0.0022
4.2 -0.4    0.005
4.2 -0.35   0.0013
4.2 -0.3    0.0022
4.2 -0.25   0.0122
4.2 -0.2    0.0079
4.2 -0.15   0.0032
4.2 -0.1    0.0658
4.2 -0.05   0.1995
4.2 0   0.2727
4.2 0.05    0.2009
4.2 0.1 0.0681
4.2 0.15    0.0035
4.2 0.2 0.0081
4.2 0.25    0.0134
4.2 0.3 0.003
4.2 0.4 0.0042
4.2 0.45    0.0018
4.2 0.55    0.0021
4.2 0.6 0.0014
4.2 0.7 0.002
4.2 0.75    0.0021
4.2 0.85    0.0013
4.2 0.9 0.0026
4.2 1.05    0.004
4.2 1.1 0.0024
4.2 1.2 0.0127
4.2 1.25    0.0336
4.2 1.3 0.0396
4.2 1.35    0.0248
4.2 1.4 0.0072
4.25    -1.4    0.0012
4.25    -1.35   0.0042
4.25    -1.3    0.0068
4.25    -1.25   0.006
4.25    -1.2    0.0022
4.25    -0.4    0.0011
4.25    -0.25   0.0024
4.25    -0.2    0.0015
4.25    -0.1    0.0131
4.25    -0.05   0.0388
4.25    0   0.0535
4.25    0.05    0.0375
4.25    0.1 0.013
4.25    0.2 0.0016
4.25    0.25    0.0025
4.25    1.2 0.0025
4.25    1.25    0.0066
4.25    1.3 0.0076
4.25    1.35    0.0049
4.25    1.4 0.0013
4.3 -1.4    0.0021
4.3 -1.35   0.0076
4.3 -1.3    0.014
4.3 -1.25   0.0114
4.3 -1.2    0.0042
4.3 -1.05   0.0014
4.3 -0.9    0.0016
4.3 -0.85   0.0011
4.3 -0.4    0.0018
4.3 -0.25   0.0042
4.3 -0.2    0.0033
4.3 -0.15   0.0011
4.3 -0.1    0.023
4.3 -0.05   0.0707
4.3 0   0.103
4.3 0.05    0.0763
4.3 0.1 0.0248
4.3 0.2 0.0031
4.3 0.25    0.005
4.3 0.35    0.0012
4.3 0.4 0.0035
4.3 0.45    0.0022
4.3 1.05    0.0014
4.3 1.2 0.0047
4.3 1.25    0.0121
4.3 1.3 0.0151
4.3 1.35    0.0092
4.3 1.4 0.0026
4.35    -2.65   0.0029
4.35    -2.6    0.0039
4.35    -2.55   0.0027
4.35    -1.55   0.002
4.35    -1.5    0.0015
4.35    -1.4    0.0217
4.35    -1.35   0.077
4.35    -1.3    0.1237
4.35    -1.25   0.1046
4.35    -1.2    0.0409
4.35    -1.15   0.0015
4.35    -1.1    0.0082
4.35    -1.05   0.013
4.35    -1  0.0027
4.35    -0.95   0.0024
4.35    -0.9    0.0105
4.35    -0.85   0.0061
4.35    -0.75   0.0043
4.35    -0.7    0.0039
4.35    -0.6    0.0062
4.35    -0.55   0.0081
4.35    -0.45   0.0071
4.35    -0.4    0.0175
4.35    -0.35   0.0042
4.35    -0.3    0.0082
4.35    -0.25   0.0423
4.35    -0.2    0.0282
4.35    -0.15   0.011
4.35    -0.1    0.2312
4.35    -0.05   0.7029
4.35    0   0.9635
4.35    0.05    0.7026
4.35    0.1 0.2419
4.35    0.15    0.0078
4.35    0.2 0.0299
4.35    0.25    0.0453
4.35    0.3 0.0088
4.35    0.35    0.0055
4.35    0.4 0.0226
4.35    0.45    0.0121
4.35    0.55    0.0058
4.35    0.6 0.005
4.35    0.7 0.0056
4.35    0.75    0.0066
4.35    0.85    0.004
4.35    0.9 0.0091
4.35    0.95    0.0022
4.35    1   0.0028
4.35    1.05    0.0138
4.35    1.1 0.0082
4.35    1.15    0.0022
4.35    1.2 0.0462
4.35    1.25    0.1181
4.35    1.3 0.1394
4.35    1.35    0.0868
4.35    1.4 0.0246
4.35    1.45    0.0011
4.35    1.5 0.0018
4.35    1.55    0.0024
4.4 -2.7    0.0026
4.4 -2.65   0.0076
4.4 -2.6    0.0103
4.4 -2.55   0.0073
4.4 -2.5    0.0022
4.4 -1.55   0.0052
4.4 -1.5    0.0039
4.4 -1.45   0.0026
4.4 -1.4    0.0561
4.4 -1.35   0.2029
4.4 -1.3    0.324
4.4 -1.25   0.2784
4.4 -1.2    0.1072
4.4 -1.15   0.0044
4.4 -1.1    0.0207
4.4 -1.05   0.0351
4.4 -1  0.0071
4.4 -0.95   0.0061
4.4 -0.9    0.0255
4.4 -0.85   0.0144
4.4 -0.75   0.0113
4.4 -0.7    0.0099
4.4 -0.65   0.0011
4.4 -0.6    0.0179
4.4 -0.55   0.0224
4.4 -0.5    0.0012
4.4 -0.45   0.0191
4.4 -0.4    0.045
4.4 -0.35   0.0122
4.4 -0.3    0.0194
4.4 -0.25   0.1113
4.4 -0.2    0.0723
4.4 -0.15   0.0246
4.4 -0.1    0.6086
4.4 -0.05   1.8352
4.4 0   2.5432
4.4 0.05    1.8787
4.4 0.1 0.6404
4.4 0.15    0.0344
4.4 0.2 0.0779
4.4 0.25    0.1221
4.4 0.3 0.0226
4.4 0.35    0.0133
4.4 0.4 0.0558
4.4 0.45    0.029
4.4 0.55    0.0152
4.4 0.6 0.0127
4.4 0.65    0.0013
4.4 0.7 0.0158
4.4 0.75    0.0185
4.4 0.8 0.0012
4.4 0.85    0.0106
4.4 0.9 0.0237
4.4 0.95    0.006
4.4 1   0.0069
4.4 1.05    0.0361
4.4 1.1 0.0221
4.4 1.15    0.0035
4.4 1.2 0.1172
4.4 1.25    0.3126
4.4 1.3 0.3686
4.4 1.35    0.2305
4.4 1.4 0.0686
4.4 1.45    0.0029
4.4 1.5 0.0048
4.4 1.55    0.0063
4.4 1.6 0.0012
4.4 1.7 0.0012
4.45    -2.7    0.0041
4.45    -2.65   0.012
4.45    -2.6    0.0164
4.45    -2.55   0.0116
4.45    -2.5    0.0035
4.45    -1.7    0.0014
4.45    -1.6    0.0013
4.45    -1.55   0.0079
4.45    -1.5    0.0062
4.45    -1.45   0.004
4.45    -1.4    0.0909
4.45    -1.35   0.3161
4.45    -1.3    0.513
4.45    -1.25   0.4366
4.45    -1.2    0.1671
4.45    -1.15   0.006
4.45    -1.1    0.0329
4.45    -1.05   0.0537
4.45    -1  0.0115
4.45    -0.95   0.0086
4.45    -0.9    0.0388
4.45    -0.85   0.0213
4.45    -0.75   0.0179
4.45    -0.7    0.015
4.45    -0.65   0.0024
4.45    -0.6    0.0301
4.45    -0.55   0.0363
4.45    -0.5    0.0033
4.45    -0.45   0.0299
4.45    -0.4    0.073
4.45    -0.35   0.0189
4.45    -0.3    0.0329
4.45    -0.25   0.1729
4.45    -0.2    0.1142
4.45    -0.15   0.0463
4.45    -0.1    0.9687
4.45    -0.05   2.8985
4.45    0   3.9932
4.45    0.05    2.9317
4.45    0.1 0.984
4.45    0.15    0.0358
4.45    0.2 0.1221
4.45    0.25    0.1877
4.45    0.3 0.037
4.45    0.35    0.0199
4.45    0.4 0.0835
4.45    0.45    0.0436
4.45    0.55    0.0238
4.45    0.6 0.0191
4.45    0.65    0.0022
4.45    0.7 0.0269
4.45    0.75    0.0298
4.45    0.8 0.0028
4.45    0.85    0.0168
4.45    0.9 0.0377
4.45    0.95    0.0099
4.45    1   0.0109
4.45    1.05    0.0571
4.45    1.1 0.0344
4.45    1.15    0.0091
4.45    1.2 0.1843
4.45    1.25    0.4895
4.45    1.3 0.5754
4.45    1.35    0.3593
4.45    1.4 0.1036
4.45    1.45    0.0041
4.45    1.5 0.0073
4.45    1.55    0.0098
4.45    1.6 0.0016
4.45    1.7 0.0018
4.5 -2.7    0.0044
4.5 -2.65   0.0132
4.5 -2.6    0.0178
4.5 -2.55   0.0127
4.5 -2.5    0.0039
4.5 -1.7    0.0015
4.5 -1.6    0.0013
4.5 -1.55   0.0087
4.5 -1.5    0.0066
4.5 -1.45   0.0044
4.5 -1.4    0.0971
4.5 -1.35   0.3452
4.5 -1.3    0.5564
4.5 -1.25   0.4791
4.5 -1.2    0.183
4.5 -1.15   0.0096
4.5 -1.1    0.0351
4.5 -1.05   0.06
4.5 -1  0.0121
4.5 -0.95   0.0098
4.5 -0.9    0.0417
4.5 -0.85   0.0228
4.5 -0.8    0.001
4.5 -0.75   0.0191
4.5 -0.7    0.0164
4.5 -0.65   0.0028
4.5 -0.6    0.0338
4.5 -0.55   0.0406
4.5 -0.5    0.0021
4.5 -0.45   0.0333
4.5 -0.4    0.078
4.5 -0.35   0.021
4.5 -0.3    0.0343
4.5 -0.25   0.1878
4.5 -0.2    0.1243
4.5 -0.15   0.0408
4.5 -0.1    1.0484
4.5 -0.05   3.1558
4.5 0   4.3489
4.5 0.05    3.2068
4.5 0.1 1.0834
4.5 0.15    0.054
4.5 0.2 0.1313
4.5 0.25    0.206
4.5 0.3 0.0418
4.5 0.35    0.0213
4.5 0.4 0.0909
4.5 0.45    0.046
4.5 0.5 0.0016
4.5 0.55    0.0257
4.5 0.6 0.0208
4.5 0.65    0.0029
4.5 0.7 0.0301
4.5 0.75    0.0337
4.5 0.8 0.0024
4.5 0.85    0.0186
4.5 0.9 0.041
4.5 0.95    0.0103
4.5 1   0.0118
4.5 1.05    0.0608
4.5 1.1 0.0378
4.5 1.15    0.007
4.5 1.2 0.2017
4.5 1.25    0.531
4.5 1.3 0.6299
4.5 1.35    0.3929
4.5 1.4 0.1143
4.5 1.45    0.0051
4.5 1.5 0.008
4.5 1.55    0.0106
4.5 1.6 0.0019
4.5 1.7 0.002
4.55    -2.7    0.0036
4.55    -2.65   0.0104
4.55    -2.6    0.0142
4.55    -2.55   0.01
4.55    -2.5    0.0031
4.55    -1.7    0.0012
4.55    -1.6    0.0012
4.55    -1.55   0.0069
4.55    -1.5    0.0053
4.55    -1.45   0.0033
4.55    -1.4    0.0796
4.55    -1.35   0.2723
4.55    -1.3    0.441
4.55    -1.25   0.3777
4.55    -1.2    0.1462
4.55    -1.15   0.005
4.55    -1.1    0.0279
4.55    -1.05   0.0463
4.55    -1  0.0097
4.55    -0.95   0.0073
4.55    -0.9    0.0321
4.55    -0.85   0.0177
4.55    -0.75   0.0152
4.55    -0.7    0.0129
4.55    -0.65   0.0031
4.55    -0.6    0.0276
4.55    -0.55   0.032
4.55    -0.5    0.0028
4.55    -0.45   0.0259
4.55    -0.4    0.0627
4.55    -0.35   0.0162
4.55    -0.3    0.0296
4.55    -0.25   0.1502
4.55    -0.2    0.0978
4.55    -0.15   0.0465
4.55    -0.1    0.8465
4.55    -0.05   2.5077
4.55    0   3.4305
4.55    0.05    2.5356
4.55    0.1 0.8511
4.55    0.15    0.0341
4.55    0.2 0.1034
4.55    0.25    0.1609
4.55    0.3 0.0313
4.55    0.35    0.0168
4.55    0.4 0.0688
4.55    0.45    0.0357
4.55    0.55    0.0202
4.55    0.6 0.0161
4.55    0.65    0.0028
4.55    0.7 0.0247
4.55    0.75    0.0266
4.55    0.8 0.0023
4.55    0.85    0.0146
4.55    0.9 0.0324
4.55    0.95    0.0084
4.55    1   0.0093
4.55    1.05    0.0493
4.55    1.1 0.0291
4.55    1.15    0.0091
4.55    1.2 0.1592
4.55    1.25    0.4214
4.55    1.3 0.495
4.55    1.35    0.3093
4.55    1.4 0.0887
4.55    1.45    0.0041
4.55    1.5 0.006
4.55    1.55    0.0083
4.55    1.6 0.0014
4.55    1.7 0.0015
4.6 -2.7    0.0019
4.6 -2.65   0.0057
4.6 -2.6    0.0078
4.6 -2.55   0.0055
4.6 -2.5    0.0017
4.6 -1.55   0.0038
4.6 -1.5    0.0029
4.6 -1.45   0.0017
4.6 -1.4    0.0427
4.6 -1.35   0.1497
4.6 -1.3    0.2419
4.6 -1.25   0.208
4.6 -1.2    0.0803
4.6 -1.15   0.0043
4.6 -1.1    0.0146
4.6 -1.05   0.0256
4.6 -1  0.0054
4.6 -0.95   0.0042
4.6 -0.9    0.0177
4.6 -0.85   0.0097
4.6 -0.75   0.0084
4.6 -0.7    0.0073
4.6 -0.65   0.0019
4.6 -0.6    0.015
4.6 -0.55   0.0176
4.6 -0.5    0.0011
4.6 -0.45   0.0143
4.6 -0.4    0.0337
4.6 -0.35   0.0088
4.6 -0.3    0.0154
4.6 -0.25   0.0816
4.6 -0.2    0.0531
4.6 -0.15   0.0164
4.6 -0.1    0.4614
4.6 -0.05   1.374
4.6 0   1.8892
4.6 0.05    1.3963
4.6 0.1 0.4748
4.6 0.15    0.0244
4.6 0.2 0.0558
4.6 0.25    0.0878
4.6 0.3 0.0182
4.6 0.35    0.0081
4.6 0.4 0.0384
4.6 0.45    0.0194
4.6 0.55    0.0113
4.6 0.6 0.0092
4.6 0.65    0.002
4.6 0.7 0.0135
4.6 0.75    0.0146
4.6 0.8 0.0012
4.6 0.85    0.008
4.6 0.9 0.0178
4.6 0.95    0.0042
4.6 1   0.0054
4.6 1.05    0.0264
4.6 1.1 0.0162
4.6 1.15    0.0032
4.6 1.2 0.0887
4.6 1.25    0.2302
4.6 1.3 0.2738
4.6 1.35    0.1725
4.6 1.4 0.0504
4.6 1.45    0.0023
4.6 1.5 0.0034
4.6 1.55    0.0046
4.65    -2.65   0.0019
4.65    -2.6    0.0026
4.65    -2.55   0.0018
4.65    -1.55   0.0013
4.65    -1.4    0.0139
4.65    -1.35   0.0492
4.65    -1.3    0.0796
4.65    -1.25   0.0675
4.65    -1.2    0.0267
4.65    -1.1    0.0046
4.65    -1.05   0.008
4.65    -1  0.0018
4.65    -0.95   0.0013
4.65    -0.9    0.0056
4.65    -0.85   0.0032
4.65    -0.75   0.003
4.65    -0.7    0.0026
4.65    -0.6    0.005
4.65    -0.55   0.0055
4.65    -0.45   0.0048
4.65    -0.4    0.011
4.65    -0.35   0.0031
4.65    -0.3    0.0051
4.65    -0.25   0.0273
4.65    -0.2    0.017
4.65    -0.15   0.0086
4.65    -0.1    0.148
4.65    -0.05   0.4522
4.65    0   0.6167
4.65    0.05    0.4504
4.65    0.1 0.1542
4.65    0.15    0.0072
4.65    0.2 0.0167
4.65    0.25    0.0279
4.65    0.3 0.0055
4.65    0.35    0.003
4.65    0.4 0.0121
4.65    0.45    0.0064
4.65    0.55    0.0041
4.65    0.6 0.0033
4.65    0.7 0.0045
4.65    0.75    0.0045
4.65    0.85    0.0027
4.65    0.9 0.0057
4.65    0.95    0.0015
4.65    1   0.0018
4.65    1.05    0.0089
4.65    1.1 0.0055
4.65    1.15    0.0013
4.65    1.2 0.0283
4.65    1.25    0.0762
4.65    1.3 0.0884
4.65    1.35    0.0564
4.65    1.4 0.0159
4.65    1.5 0.0011
4.65    1.55    0.0015
4.7 -1.4    0.0013
4.7 -1.35   0.0045
4.7 -1.3    0.0075
4.7 -1.25   0.0061
4.7 -1.2    0.0023
4.7 -0.25   0.0027
4.7 -0.2    0.0019
4.7 -0.1    0.0138
4.7 -0.05   0.0419
4.7 0   0.0579
4.7 0.05    0.0404
4.7 0.1 0.0136
4.7 0.2 0.0015
4.7 0.25    0.0024
4.7 0.4 0.0011
4.7 1.2 0.0025
4.7 1.25    0.007
4.7 1.3 0.0083
4.7 1.35    0.005
4.7 1.4 0.0017
4.75    -1.35   0.0021
4.75    -1.3    0.0034
4.75    -1.25   0.0029
4.75    -1.2    0.0012
4.75    -0.1    0.007
4.75    -0.05   0.0192
4.75    0   0.0264
4.75    0.05    0.0194
4.75    0.1 0.0068
4.75    0.25    0.0013
4.75    1.2 0.0013
4.75    1.25    0.0033
4.75    1.3 0.0038
4.75    1.35    0.0023
4.8 -1.4    0.0027
4.8 -1.35   0.0094
4.8 -1.3    0.0152
4.8 -1.25   0.0132
4.8 -1.2    0.0051
4.8 -1.05   0.0016
4.8 -0.9    0.0012
4.8 -0.55   0.0012
4.8 -0.4    0.0021
4.8 -0.25   0.0042
4.8 -0.2    0.0028
4.8 -0.15   0.0012
4.8 -0.1    0.029
4.8 -0.05   0.0854
4.8 0   0.1186
4.8 0.05    0.0879
4.8 0.1 0.0308
4.8 0.15    0.0015
4.8 0.2 0.0034
4.8 0.25    0.0056
4.8 0.3 0.0012
4.8 0.4 0.0025
4.8 0.45    0.0013
4.8 0.75    0.001
4.8 0.9 0.0011
4.8 1.05    0.0014
4.8 1.2 0.0055
4.8 1.25    0.0143
4.8 1.3 0.0172
4.8 1.35    0.0107
4.8 1.4 0.0033
4.85    -1.4    0.0025
4.85    -1.35   0.0089
4.85    -1.3    0.0144
4.85    -1.25   0.0124
4.85    -1.2    0.005
4.85    -1.05   0.0015
4.85    -0.9    0.0011
4.85    -0.55   0.0011
4.85    -0.4    0.0019
4.85    -0.25   0.004
4.85    -0.2    0.0025
4.85    -0.15   0.0017
4.85    -0.1    0.0276
4.85    -0.05   0.0808
4.85    0   0.1114
4.85    0.05    0.0836
4.85    0.1 0.0287
4.85    0.15    0.0016
4.85    0.2 0.003
4.85    0.25    0.0051
4.85    0.3 0.001
4.85    0.4 0.0023
4.85    0.45    0.0013
4.85    1.05    0.0013
4.85    1.2 0.0052
4.85    1.25    0.0136
4.85    1.3 0.0161
4.85    1.35    0.0102
4.85    1.4 0.003
4.9 -1.35   0.0032
4.9 -1.3    0.0052
4.9 -1.25   0.0046
4.9 -1.2    0.0019
4.9 -0.25   0.0012
4.9 -0.1    0.0105
4.9 -0.05   0.0291
4.9 0   0.0403
4.9 0.05    0.0305
4.9 0.1 0.0112
4.9 0.25    0.0017
4.9 1.2 0.0019
4.9 1.25    0.0049
4.9 1.3 0.0058
4.9 1.35    0.0038
4.9 1.4 0.0012
4.95    -0.05   0.0011
4.95    0   0.0014
4.95    0.05    0.001
5   -1.3    0.0015
5   -1.25   0.0013
5   -0.1    0.0026
5   -0.05   0.008
5   0   0.0112
5   0.05    0.0083
5   0.1 0.0027
5   1.25    0.0013
5   1.3 0.0016
5.05    -1.35   0.0019
5.05    -1.3    0.0032
5.05    -1.25   0.0028
5.05    -1.2    0.0011
5.05    -0.25   0.0012
5.05    -0.1    0.0056
5.05    -0.05   0.0174
5.05    0   0.0244
5.05    0.05    0.0185
5.05    0.1 0.0065
5.05    0.25    0.0012
5.05    1.2 0.0011
5.05    1.25    0.0029
5.05    1.3 0.0035
5.05    1.35    0.0023
5.1 -1.35   0.0013
5.1 -1.3    0.0022
5.1 -1.25   0.002
5.1 -0.1    0.0037
5.1 -0.05   0.0117
5.1 0   0.017
5.1 0.05    0.0131
5.1 0.1 0.0049
5.1 1.25    0.002
5.1 1.3 0.0024
5.1 1.35    0.0016
5.15    -0.05   0.002
5.15    0   0.0031
5.15    0.05    0.0027
5.15    0.1 0.0011
5.2 -0.05   0.001
5.2 0   0.0012
5.25    -1.3    0.0011
5.25    -0.1    0.0023
5.25    -0.05   0.0063
5.25    0   0.0083
5.25    0.05    0.0058
5.25    0.1 0.0018
5.25    1.25    0.0011
5.25    1.3 0.0012
5.3 -1.3    0.0016
5.3 -1.25   0.0013
5.3 -0.1    0.0033
5.3 -0.05   0.0091
5.3 0   0.0121
5.3 0.05    0.0087
5.3 0.1 0.003
5.3 1.25    0.0015
5.3 1.3 0.0017
5.3 1.35    0.0011
5.35    -1.3    0.0011
5.35    -0.1    0.0024
5.35    -0.05   0.0066
5.35    0   0.0088
5.35    0.05    0.0065
5.35    0.1 0.0024
5.35    1.25    0.0011
5.35    1.3 0.0013
5.4 -0.1    0.001
5.4 -0.05   0.0028
5.4 0   0.0038
5.4 0.05    0.0028
5.4 0.1 0.0011
6.6 0   0.0014
6.6 0.05    0.001
6.65    -0.05   0.0013
6.65    0   0.0019
6.65    0.05    0.0014
6.85    -0.05   0.0013
6.85    0   0.0018
6.85    0.05    0.0013
6.9 -0.05   0.0011
6.9 0   0.0015
6.9 0.05    0.0011
7.15    -0.05   0.0021
7.15    0   0.0027
7.15    0.05    0.0019
7.2 -1.35   0.0012
7.2 -1.3    0.0018
7.2 -1.25   0.0015
7.2 -0.1    0.0038
7.2 -0.05   0.0104
7.2 0   0.0136
7.2 0.05    0.0098
7.2 0.1 0.0034
7.2 1.25    0.0017
7.2 1.3 0.0019
7.2 1.35    0.0012
7.25    -1.35   0.0025
7.25    -1.3    0.0039
7.25    -1.25   0.0033
7.25    -1.2    0.0013
7.25    -0.25   0.0014
7.25    -0.1    0.0078
7.25    -0.05   0.0221
7.25    0   0.0294
7.25    0.05    0.0214
7.25    0.1 0.0072
7.25    0.25    0.0012
7.25    1.2 0.0015
7.25    1.25    0.0036
7.25    1.3 0.0042
7.25    1.35    0.0026
7.3 -1.35   0.003
7.3 -1.3    0.0047
7.3 -1.25   0.004
7.3 -1.2    0.0015
7.3 -0.25   0.0017
7.3 -0.2    0.001
7.3 -0.1    0.0092
7.3 -0.05   0.0264
7.3 0   0.0355
7.3 0.05    0.0258
7.3 0.1 0.0087
7.3 0.25    0.0015
7.3 1.2 0.0017
7.3 1.25    0.0043
7.3 1.3 0.005
7.3 1.35    0.0031
7.35    -1.35   0.0019
7.35    -1.3    0.003
7.35    -1.25   0.0025
7.35    -0.25   0.0011
7.35    -0.1    0.0056
7.35    -0.05   0.0167
7.35    0   0.0224
7.35    0.05    0.0163
7.35    0.1 0.0054
7.35    1.2 0.0011
7.35    1.25    0.0027
7.35    1.3 0.0032
7.35    1.35    0.002
7.4 -0.1    0.001
7.4 -0.05   0.0028
7.4 0   0.0038
7.4 0.05    0.0027
7.45    -0.05   0.002
7.45    0   0.0026
7.45    0.05    0.0019
7.5 -1.35   0.0017
7.5 -1.3    0.0027
7.5 -1.25   0.0023
7.5 -0.1    0.0052
7.5 -0.05   0.0149
7.5 0   0.0202
7.5 0.05    0.0146
7.5 0.1 0.0047
7.5 1.25    0.0024
7.5 1.3 0.0028
7.5 1.35    0.0017
7.55    -1.35   0.0025
7.55    -1.3    0.004
7.55    -1.25   0.0034
7.55    -1.2    0.0013
7.55    -0.25   0.0014
7.55    -0.1    0.0074
7.55    -0.05   0.0219
7.55    0   0.0294
7.55    0.05    0.0214
7.55    0.1 0.0071
7.55    0.25    0.0013
7.55    1.2 0.0014
7.55    1.25    0.0036
7.55    1.3 0.0041
7.55    1.35    0.0026
7.6 -1.35   0.0012
7.6 -1.3    0.002
7.6 -1.25   0.0017
7.6 -0.1    0.0038
7.6 -0.05   0.011
7.6 0   0.0149
7.6 0.05    0.011
7.6 0.1 0.0037
7.6 1.25    0.0018
7.6 1.3 0.0021
7.6 1.35    0.0013
7.7 -1.35   0.0017
7.7 -1.3    0.0027
7.7 -1.25   0.0023
7.7 -0.1    0.0048
7.7 -0.05   0.0151
7.7 0   0.0202
7.7 0.05    0.0144
7.7 0.1 0.0049
7.7 1.25    0.0024
7.7 1.3 0.0028
7.7 1.35    0.0017
7.75    -1.4    0.0014
7.75    -1.35   0.0051
7.75    -1.3    0.0081
7.75    -1.25   0.0068
7.75    -1.2    0.0025
7.75    -0.4    0.0012
7.75    -0.25   0.0028
7.75    -0.2    0.0018
7.75    -0.1    0.0144
7.75    -0.05   0.0438
7.75    0   0.0598
7.75    0.05    0.0435
7.75    0.1 0.0141
7.75    0.2 0.0018
7.75    0.25    0.0025
7.75    0.4 0.0013
7.75    1.2 0.0027
7.75    1.25    0.0071
7.75    1.3 0.0084
7.75    1.35    0.0052
7.75    1.4 0.0014
7.8 -1.4    0.0015
7.8 -1.35   0.0051
7.8 -1.3    0.0083
7.8 -1.25   0.007
7.8 -1.2    0.0026
7.8 -0.4    0.0012
7.8 -0.25   0.0028
7.8 -0.2    0.0019
7.8 -0.1    0.0145
7.8 -0.05   0.0447
7.8 0   0.0615
7.8 0.05    0.0439
7.8 0.1 0.0147
7.8 0.2 0.0019
7.8 0.25    0.0025
7.8 0.4 0.0014
7.8 1.2 0.0027
7.8 1.25    0.0073
7.8 1.3 0.0086
7.8 1.35    0.0053
7.8 1.4 0.0015
7.85    -1.35   0.0011
7.85    -1.3    0.0018
7.85    -1.25   0.0016
7.85    -0.1    0.0032
7.85    -0.05   0.0092
7.85    0   0.0131
7.85    0.05    0.0094
7.85    0.1 0.0031
7.85    1.25    0.0015
7.85    1.3 0.0018
7.85    1.35    0.0012
7.9 -1.35   0.002
7.9 -1.3    0.0033
7.9 -1.25   0.0028
7.9 -0.25   0.0011
7.9 -0.1    0.0057
7.9 -0.05   0.017
7.9 0   0.0242
7.9 0.05    0.0172
7.9 0.1 0.0056
7.9 1.2 0.001
7.9 1.25    0.0028
7.9 1.3 0.0034
7.9 1.35    0.002
7.95    -2.6    0.0011
7.95    -1.4    0.0059
7.95    -1.35   0.0206
7.95    -1.3    0.0325
7.95    -1.25   0.0279
7.95    -1.2    0.0103
7.95    -1.1    0.0021
7.95    -1.05   0.0031
7.95    -0.9    0.0016
7.95    -0.75   0.0024
7.95    -0.7    0.0016
7.95    -0.6    0.0022
7.95    -0.55   0.0027
7.95    -0.45   0.002
7.95    -0.4    0.0049
7.95    -0.35   0.0013
7.95    -0.3    0.0019
7.95    -0.25   0.0111
7.95    -0.2    0.0076
7.95    -0.15   0.0025
7.95    -0.1    0.0587
7.95    -0.05   0.176
7.95    0   0.2403
7.95    0.05    0.1766
7.95    0.1 0.0566
7.95    0.15    0.0024
7.95    0.2 0.0067
7.95    0.25    0.0104
7.95    0.3 0.0019
7.95    0.4 0.0033
7.95    0.55    0.0033
7.95    0.6 0.0021
7.95    0.7 0.0018
7.95    0.75    0.0022
7.95    0.85    0.0011
7.95    0.9 0.0024
7.95    1.05    0.0035
7.95    1.1 0.0021
7.95    1.2 0.011
7.95    1.25    0.0286
7.95    1.3 0.0338
7.95    1.35    0.021
7.95    1.4 0.0058
8   -2.65   0.0024
8   -2.6    0.0032
8   -2.55   0.0022
8   -1.55   0.0015
8   -1.5    0.0012
8   -1.4    0.0168
8   -1.35   0.0583
8   -1.3    0.0927
8   -1.25   0.0775
8   -1.2    0.0294
8   -1.15   0.0011
8   -1.1    0.0056
8   -1.05   0.0087
8   -1  0.0016
8   -0.95   0.0014
8   -0.9    0.0052
8   -0.85   0.0017
8   -0.8    0.001
8   -0.75   0.0061
8   -0.7    0.004
8   -0.6    0.006
8   -0.55   0.0077
8   -0.45   0.0055
8   -0.4    0.0136
8   -0.35   0.0035
8   -0.3    0.0059
8   -0.25   0.0313
8   -0.2    0.021
8   -0.15   0.0075
8   -0.1    0.1686
8   -0.05   0.4969
8   0   0.6798
8   0.05    0.4913
8   0.1 0.1634
8   0.15    0.0059
8   0.2 0.02
8   0.25    0.0287
8   0.3 0.005
8   0.35    0.003
8   0.4 0.0106
8   0.45    0.0034
8   0.5 0.0014
8   0.55    0.0082
8   0.6 0.005
8   0.7 0.0051
8   0.75    0.006
8   0.85    0.0029
8   0.9 0.0069
8   0.95    0.0017
8   1   0.0019
8   1.05    0.0098
8   1.1 0.006
8   1.15    0.0015
8   1.2 0.031
8   1.25    0.0813
8   1.3 0.0947
8   1.35    0.0586
8   1.4 0.0166
8   1.5 0.0012
8   1.55    0.0015
8.05    -2.7    0.0013
8.05    -2.65   0.0039
8.05    -2.6    0.0053
8.05    -2.55   0.0037
8.05    -2.5    0.0011
8.05    -1.55   0.0026
8.05    -1.5    0.0019
8.05    -1.45   0.0013
8.05    -1.4    0.0271
8.05    -1.35   0.0957
8.05    -1.3    0.1529
8.05    -1.25   0.1294
8.05    -1.2    0.0485
8.05    -1.15   0.0025
8.05    -1.1    0.0091
8.05    -1.05   0.0148
8.05    -1  0.0026
8.05    -0.95   0.0026
8.05    -0.9    0.009
8.05    -0.85   0.0033
8.05    -0.8    0.0014
8.05    -0.75   0.0092
8.05    -0.7    0.0062
8.05    -0.6    0.01
8.05    -0.55   0.0125
8.05    -0.45   0.0091
8.05    -0.4    0.0219
8.05    -0.35   0.0062
8.05    -0.3    0.0088
8.05    -0.25   0.0516
8.05    -0.2    0.0337
8.05    -0.15   0.0124
8.05    -0.1    0.2737
8.05    -0.05   0.8218
8.05    0   1.1203
8.05    0.05    0.8187
8.05    0.1 0.2714
8.05    0.15    0.0146
8.05    0.2 0.0321
8.05    0.25    0.0491
8.05    0.3 0.0085
8.05    0.35    0.0054
8.05    0.4 0.0186
8.05    0.45    0.0064
8.05    0.5 0.002
8.05    0.55    0.0123
8.05    0.6 0.0079
8.05    0.7 0.0084
8.05    0.75    0.0099
8.05    0.85    0.0048
8.05    0.9 0.011
8.05    0.95    0.003
8.05    1   0.0029
8.05    1.05    0.0161
8.05    1.1 0.01
8.05    1.15    0.0018
8.05    1.2 0.0512
8.05    1.25    0.1342
8.05    1.3 0.157
8.05    1.35    0.0974
8.05    1.4 0.028
8.05    1.45    0.0014
8.05    1.5 0.0019
8.05    1.55    0.0024
8.1 -2.7    0.0016
8.1 -2.65   0.0045
8.1 -2.6    0.0061
8.1 -2.55   0.0043
8.1 -2.5    0.0013
8.1 -1.55   0.0029
8.1 -1.5    0.0023
8.1 -1.45   0.0013
8.1 -1.4    0.0319
8.1 -1.35   0.1104
8.1 -1.3    0.1777
8.1 -1.25   0.1493
8.1 -1.2    0.0565
8.1 -1.15   0.0023
8.1 -1.1    0.0107
8.1 -1.05   0.0169
8.1 -1  0.0032
8.1 -0.95   0.0029
8.1 -0.9    0.0108
8.1 -0.85   0.0042
8.1 -0.8    0.0013
8.1 -0.75   0.0101
8.1 -0.7    0.0067
8.1 -0.6    0.0116
8.1 -0.55   0.0144
8.1 -0.5    0.0013
8.1 -0.45   0.0104
8.1 -0.4    0.0258
8.1 -0.35   0.0068
8.1 -0.3    0.0113
8.1 -0.25   0.0589
8.1 -0.2    0.0396
8.1 -0.15   0.0148
8.1 -0.1    0.3183
8.1 -0.05   0.9507
8.1 0   1.2991
8.1 0.05    0.9408
8.1 0.1 0.3143
8.1 0.15    0.0104
8.1 0.2 0.0378
8.1 0.25    0.0554
8.1 0.3 0.0101
8.1 0.35    0.0062
8.1 0.4 0.0221
8.1 0.45    0.0082
8.1 0.5 0.0016
8.1 0.55    0.0134
8.1 0.6 0.0085
8.1 0.7 0.0099
8.1 0.75    0.0113
8.1 0.8 0.0011
8.1 0.85    0.0055
8.1 0.9 0.0129
8.1 0.95    0.0034
8.1 1   0.0035
8.1 1.05    0.0186
8.1 1.1 0.0114
8.1 1.15    0.0029
8.1 1.2 0.0587
8.1 1.25    0.1552
8.1 1.3 0.181
8.1 1.35    0.1121
8.1 1.4 0.0317
8.1 1.45    0.0012
8.1 1.5 0.0022
8.1 1.55    0.0028
8.15    -2.7    0.0013
8.15    -2.65   0.0038
8.15    -2.6    0.005
8.15    -2.55   0.0035
8.15    -2.5    0.0011
8.15    -1.55   0.0024
8.15    -1.5    0.0018
8.15    -1.45   0.0011
8.15    -1.4    0.0259
8.15    -1.35   0.0913
8.15    -1.3    0.1463
8.15    -1.25   0.1248
8.15    -1.2    0.0466
8.15    -1.15   0.0022
8.15    -1.1    0.0088
8.15    -1.05   0.0143
8.15    -1  0.0026
8.15    -0.95   0.0026
8.15    -0.9    0.0091
8.15    -0.85   0.0037
8.15    -0.75   0.0077
8.15    -0.7    0.0054
8.15    -0.6    0.0095
8.15    -0.55   0.0117
8.15    -0.45   0.0088
8.15    -0.4    0.0208
8.15    -0.35   0.0058
8.15    -0.3    0.0085
8.15    -0.25   0.049
8.15    -0.2    0.0323
8.15    -0.15   0.0113
8.15    -0.1    0.2622
8.15    -0.05   0.7853
8.15    0   1.0753
8.15    0.05    0.7858
8.15    0.1 0.2589
8.15    0.15    0.0132
8.15    0.2 0.0309
8.15    0.25    0.047
8.15    0.3 0.0084
8.15    0.35    0.0054
8.15    0.4 0.0189
8.15    0.45    0.0072
8.15    0.5 0.0014
8.15    0.55    0.0103
8.15    0.6 0.0068
8.15    0.7 0.008
8.15    0.75    0.0093
8.15    0.85    0.0047
8.15    0.9 0.0104
8.15    0.95    0.0028
8.15    1   0.0028
8.15    1.05    0.0152
8.15    1.1 0.0095
8.15    1.15    0.0015
8.15    1.2 0.0486
8.15    1.25    0.128
8.15    1.3 0.1506
8.15    1.35    0.0932
8.15    1.4 0.0268
8.15    1.45    0.0012
8.15    1.5 0.0018
8.15    1.55    0.0024
8.2 -2.65   0.0022
8.2 -2.6    0.0029
8.2 -2.55   0.002
8.2 -1.55   0.0014
8.2 -1.5    0.0011
8.2 -1.4    0.0158
8.2 -1.35   0.0525
8.2 -1.3    0.0846
8.2 -1.25   0.0716
8.2 -1.2    0.0277
8.2 -1.15   0.001
8.2 -1.1    0.0051
8.2 -1.05   0.0082
8.2 -1  0.0016
8.2 -0.95   0.0014
8.2 -0.9    0.0053
8.2 -0.85   0.0023
8.2 -0.75   0.0042
8.2 -0.7    0.0029
8.2 -0.6    0.0054
8.2 -0.55   0.0065
8.2 -0.45   0.0049
8.2 -0.4    0.0122
8.2 -0.35   0.0031
8.2 -0.3    0.0056
8.2 -0.25   0.028
8.2 -0.2    0.0186
8.2 -0.15   0.008
8.2 -0.1    0.156
8.2 -0.05   0.4542
8.2 0   0.618
8.2 0.05    0.4536
8.2 0.1 0.1518
8.2 0.15    0.0047
8.2 0.2 0.0181
8.2 0.25    0.0263
8.2 0.3 0.0049
8.2 0.35    0.003
8.2 0.4 0.0109
8.2 0.45    0.0044
8.2 0.55    0.0055
8.2 0.6 0.0037
8.2 0.7 0.0046
8.2 0.75    0.0051
8.2 0.85    0.0026
8.2 0.9 0.0061
8.2 0.95    0.0016
8.2 1   0.0018
8.2 1.05    0.0088
8.2 1.1 0.0054
8.2 1.15    0.0012
8.2 1.2 0.0284
8.2 1.25    0.0738
8.2 1.3 0.0859
8.2 1.35    0.0543
8.2 1.4 0.0151
8.2 1.5 0.001
8.2 1.55    0.0014
8.25    -1.4    0.005
8.25    -1.35   0.0175
8.25    -1.3    0.028
8.25    -1.25   0.0238
8.25    -1.2    0.0092
8.25    -1.1    0.0016
8.25    -1.05   0.0028
8.25    -0.9    0.0018
8.25    -0.75   0.0012
8.25    -0.6    0.0017
8.25    -0.55   0.0021
8.25    -0.45   0.0017
8.25    -0.4    0.004
8.25    -0.35   0.0011
8.25    -0.3    0.0017
8.25    -0.25   0.0093
8.25    -0.2    0.0061
8.25    -0.15   0.0022
8.25    -0.1    0.0509
8.25    -0.05   0.1493
8.25    0   0.2051
8.25    0.05    0.1501
8.25    0.1 0.0523
8.25    0.15    0.0026
8.25    0.2 0.0058
8.25    0.25    0.0091
8.25    0.3 0.0018
8.25    0.35    0.001
8.25    0.4 0.0038
8.25    0.45    0.0016
8.25    0.55    0.0016
8.25    0.6 0.0011
8.25    0.7 0.0014
8.25    0.75    0.0016
8.25    0.9 0.002
8.25    1.05    0.0029
8.25    1.1 0.0019
8.25    1.2 0.0094
8.25    1.25    0.0241
8.25    1.3 0.0289
8.25    1.35    0.0179
8.25    1.4 0.0053
8.3 -1.35   0.0013
8.3 -1.3    0.0023
8.3 -1.25   0.0019
8.3 -0.1    0.0042
8.3 -0.05   0.0118
8.3 0   0.0165
8.3 0.05    0.0115
8.3 0.1 0.0038
8.3 1.25    0.0019
8.3 1.3 0.0024
8.3 1.35    0.0013
8.35    -1.35   0.0013
8.35    -1.3    0.002
8.35    -1.25   0.0017
8.35    -0.1    0.0036
8.35    -0.05   0.0106
8.35    0   0.0147
8.35    0.05    0.0108
8.35    0.1 0.0034
8.35    1.25    0.0018
8.35    1.3 0.0021
8.35    1.35    0.0013
8.4 -1.4    0.0014
8.4 -1.35   0.0049
8.4 -1.3    0.0078
8.4 -1.25   0.0066
8.4 -1.2    0.0025
8.4 -0.25   0.0025
8.4 -0.2    0.0016
8.4 -0.1    0.0142
8.4 -0.05   0.0418
8.4 0   0.0569
8.4 0.05    0.0416
8.4 0.1 0.0139
8.4 0.2 0.0016
8.4 0.25    0.0024
8.4 0.4 0.001
8.4 1.2 0.0026
8.4 1.25    0.0068
8.4 1.3 0.0079
8.4 1.35    0.0049
8.4 1.4 0.0014
8.45    -1.4    0.0013
8.45    -1.35   0.0046
8.45    -1.3    0.0073
8.45    -1.25   0.0063
8.45    -1.2    0.0024
8.45    -0.25   0.0023
8.45    -0.2    0.0015
8.45    -0.1    0.0135
8.45    -0.05   0.0388
8.45    0   0.0535
8.45    0.05    0.0393
8.45    0.1 0.0131
8.45    0.2 0.0015
8.45    0.25    0.0023
8.45    0.4 0.001
8.45    1.2 0.0024
8.45    1.25    0.0063
8.45    1.3 0.0075
8.45    1.35    0.0046
8.45    1.4 0.0014
8.5 -1.35   0.0016
8.5 -1.3    0.0025
8.5 -1.25   0.0022
8.5 -0.1    0.0047
8.5 -0.05   0.0135
8.5 0   0.0182
8.5 0.05    0.0136
8.5 0.1 0.0046
8.5 1.25    0.0022
8.5 1.3 0.0025
8.5 1.35    0.0016
8.6 -1.3    0.0013
8.6 -1.25   0.0011
8.6 -0.1    0.0021
8.6 -0.05   0.0068
8.6 0   0.0094
8.6 0.05    0.007
8.6 0.1 0.0024
8.6 1.25    0.0011
8.6 1.3 0.0013
8.65    -1.35   0.0016
8.65    -1.3    0.0027
8.65    -1.25   0.0023
8.65    -0.1    0.0046
8.65    -0.05   0.014
8.65    0   0.0194
8.65    0.05    0.0144
8.65    0.1 0.005
8.65    1.25    0.0023
8.65    1.3 0.0027
8.65    1.35    0.0017
8.7 -1.35   0.0011
8.7 -1.3    0.0018
8.7 -1.25   0.0016
8.7 -0.1    0.003
8.7 -0.05   0.0094
8.7 0   0.013
8.7 0.05    0.0097
8.7 0.1 0.0034
8.7 1.25    0.0015
8.7 1.3 0.0018
8.7 1.35    0.0012
8.75    -0.05   0.0012
8.75    0   0.0018
8.75    0.05    0.0014
8.8 -0.05   0.0017
8.8 0   0.0023
8.8 0.05    0.0015
8.85    -1.35   0.0011
8.85    -1.3    0.0018
8.85    -1.25   0.0015
8.85    -0.1    0.0033
8.85    -0.05   0.0094
8.85    0   0.0128
8.85    0.05    0.0092
8.85    0.1 0.0029
8.85    1.25    0.0015
8.85    1.3 0.0018
8.85    1.35    0.0011
8.9 -1.3    0.0026
8.9 -1.25   0.0022
8.9 -0.1    0.0049
8.9 -0.05   0.0142
8.9 0   0.0191
8.9 0.05    0.0139
8.9 0.1 0.0046
8.9 1.25    0.0023
8.9 1.3 0.0026
8.9 1.35    0.0016
8.95    -0.1    0.0039
8.95    -0.05   0.0111
8.95    0   0.015
8.95    0.05    0.0109
8.95    0.1 0.0037
8.95    1.25    0.0018
8.95    1.3 0.0021
8.95    1.35    0.0013
9   -0.1    0.0018
9   -0.05   0.0049
9   0   0.0064
9   0.05    0.0047
9   0.1 0.0016
9.05    -0.05   0.0012
9.05    0   0.0015
9.05    0.05    0.001
-7.2    -1.35   0.0012
-7.2    -1.3    0.0019
-7.2    -1.25   0.0016
-7.15   -1.35   0.0027
-7.15   -1.3    0.0043
-7.15   -1.25   0.0037
-7.15   -1.2    0.0015
-7.1    -1.35   0.0032
-7.1    -1.3    0.0051
-7.1    -1.25   0.0044
-7.1    -1.2    0.0017
-7.1    -0.25   0.0018
-7.1    -0.2    0.001
-7.1    -0.1    0.0097
-7.1    -0.05   0.0277
-7.05   -1.35   0.002
-7.05   -1.3    0.0031
-7.05   -1.25   0.0027
-7.05   -1.2    0.001
-7.05   -0.25   0.0011
-7.05   -0.1    0.0059
-7.05   -0.05   0.0169
-7.05   0   0.0229
-7.05   0.05    0.0167
-7.05   0.1 0.0058
-7.05   0.25    0.001
-7  -0.05   0.0026
-7  0   0.0035
-7  0.05    0.0025
-6.95   -0.05   0.0021
-6.95   0   0.0029
-6.95   0.05    0.0023
-6.9    -1.35   0.0017
-6.9    -1.3    0.0027
-6.9    -1.25   0.0023
-6.9    -0.1    0.0049
-6.9    -0.05   0.0146
-6.9    0   0.0198
-6.9    0.05    0.0148
-6.9    0.1 0.0051
-6.85   -1.35   0.0024
-6.85   -1.3    0.0038
-6.85   -1.25   0.0033
-6.85   -1.2    0.0013
-6.85   -0.25   0.0013
-6.85   -0.1    0.0071
-6.85   -0.05   0.0202
-6.85   0   0.0276
-6.85   0.05    0.0203
-6.85   0.1 0.007
-6.85   0.25    0.0012
-6.85   1.2 0.0013
-6.85   1.25    0.0032
-6.85   1.3 0.0038
-6.85   1.35    0.0024
-6.8    -1.35   0.0011
-6.8    -1.3    0.0018
-6.8    -1.25   0.0015
-6.8    -0.1    0.0034
-6.8    -0.05   0.0097
-6.8    0   0.013
-6.8    0.05    0.0094
-6.8    0.1 0.0032
-6.8    1.25    0.0015
-6.8    1.3 0.0018
-6.8    1.35    0.0011
-6.7    -1.35   0.0015
-6.7    -1.3    0.0025
-6.7    -1.25   0.0022
-6.7    -0.1    0.0041
-6.7    -0.05   0.0127
-6.7    0   0.0177
-6.7    0.05    0.0134
-6.7    0.1 0.0048
-6.7    0.25    0.001
-6.7    1.25    0.0021
-6.7    1.3 0.0024
-6.7    1.35    0.0015
-6.65   -1.4    0.0012
-6.65   -1.35   0.0042
-6.65   -1.3    0.0069
-6.65   -1.25   0.006
-6.65   -1.2    0.0023
-6.65   -0.25   0.0022
-6.65   -0.2    0.0014
-6.65   -0.1    0.012
-6.65   -0.05   0.0358
-6.65   0   0.05
-6.65   0.05    0.0371
-6.65   0.1 0.0131
-6.65   0.2 0.0015
-6.65   0.25    0.0027
-6.65   1.2 0.0022
-6.65   1.25    0.0057
-6.65   1.3 0.0068
-6.65   1.35    0.0043
-6.65   1.4 0.0013
-6.6    -1.4    0.0012
-6.6    -1.35   0.0042
-6.6    -1.3    0.0067
-6.6    -1.25   0.0058
-6.6    -1.2    0.0023
-6.6    -0.25   0.0022
-6.6    -0.2    0.0013
-6.6    -0.1    0.0117
-6.6    -0.05   0.0352
-6.6    0   0.048
-6.6    0.05    0.0355
-6.6    0.1 0.0122
-6.6    0.2 0.0014
-6.6    0.25    0.0025
-6.6    1.2 0.0021
-6.6    1.25    0.0056
-6.6    1.3 0.0065
-6.6    1.35    0.0041
-6.6    1.4 0.0012
-6.55   -1.3    0.0014
-6.55   -1.25   0.0012
-6.55   -0.1    0.0024
-6.55   -0.05   0.0073
-6.55   0   0.0102
-6.55   0.05    0.0072
-6.55   0.1 0.0025
-6.55   1.25    0.0012
-6.55   1.3 0.0014
-6.5    -1.35   0.0013
-6.5    -1.3    0.0024
-6.5    -1.25   0.002
-6.5    -0.1    0.0034
-6.5    -0.05   0.0109
-6.5    0   0.0173
-6.5    0.05    0.0123
-6.5    0.1 0.004
-6.5    0.4 0.0012
-6.5    0.45    0.0012
-6.5    1.25    0.0019
-6.5    1.3 0.0023
-6.5    1.35    0.0014
-6.45   -1.4    0.0039
-6.45   -1.35   0.0141
-6.45   -1.3    0.0226
-6.45   -1.25   0.0195
-6.45   -1.2    0.0077
-6.45   -1.1    0.0015
-6.45   -1.05   0.0026
-6.45   -0.9    0.0029
-6.45   -0.85   0.0024
-6.45   -0.55   0.001
-6.45   -0.45   0.0012
-6.45   -0.4    0.0026
-6.45   -0.3    0.0014
-6.45   -0.25   0.0068
-6.45   -0.2    0.0046
-6.45   -0.15   0.0016
-6.45   -0.1    0.039
-6.45   -0.05   0.1154
-6.45   0   0.1633
-6.45   0.05    0.1197
-6.45   0.1 0.0405
-6.45   0.15    0.0017
-6.45   0.2 0.0052
-6.45   0.25    0.0082
-6.45   0.3 0.0017
-6.45   0.35    0.0013
-6.45   0.4 0.0057
-6.45   0.45    0.0043
-6.45   0.9 0.0013
-6.45   1.05    0.0021
-6.45   1.1 0.0013
-6.45   1.2 0.0071
-6.45   1.25    0.0183
-6.45   1.3 0.0221
-6.45   1.35    0.0139
-6.45   1.4 0.004
-6.4    -1.4    0.0105
-6.4    -1.35   0.0372
-6.4    -1.3    0.06
-6.4    -1.25   0.0521
-6.4    -1.2    0.0204
-6.4    -1.1    0.0039
-6.4    -1.05   0.0069
-6.4    -1  0.0015
-6.4    -0.95   0.0013
-6.4    -0.9    0.0062
-6.4    -0.85   0.005
-6.4    -0.7    0.0013
-6.4    -0.6    0.0029
-6.4    -0.55   0.003
-6.4    -0.45   0.0033
-6.4    -0.4    0.0071
-6.4    -0.35   0.0018
-6.4    -0.3    0.0036
-6.4    -0.25   0.0185
-6.4    -0.2    0.0119
-6.4    -0.15   0.0052
-6.4    -0.1    0.1025
-6.4    -0.05   0.3114
-6.4    0   0.4316
-6.4    0.05    0.3225
-6.4    0.1 0.1104
-6.4    0.15    0.0049
-6.4    0.2 0.0137
-6.4    0.25    0.0224
-6.4    0.3 0.0048
-6.4    0.35    0.0027
-6.4    0.4 0.0122
-6.4    0.45    0.0089
-6.4    0.6 0.0016
-6.4    0.7 0.0024
-6.4    0.75    0.0023
-6.4    0.85    0.0017
-6.4    0.9 0.0035
-6.4    1   0.0011
-6.4    1.05    0.0055
-6.4    1.1 0.0033
-6.4    1.2 0.0185
-6.4    1.25    0.0496
-6.4    1.3 0.0586
-6.4    1.35    0.0372
-6.4    1.4 0.0111
-6.4    1.55    0.0011
-6.4    2.55    0.0014
-6.4    2.6 0.002
-6.4    2.65    0.0015
-6.35   -1.55   0.0014
-6.35   -1.5    0.0011
-6.35   -1.4    0.0169
-6.35   -1.35   0.0585
-6.35   -1.3    0.0956
-6.35   -1.25   0.0825
-6.35   -1.2    0.0321
-6.35   -1.15   0.0015
-6.35   -1.1    0.0062
-6.35   -1.05   0.0109
-6.35   -1  0.0025
-6.35   -0.95   0.0017
-6.35   -0.9    0.009
-6.35   -0.85   0.0068
-6.35   -0.75   0.0015
-6.35   -0.7    0.0026
-6.35   -0.65   0.0019
-6.35   -0.6    0.0051
-6.35   -0.55   0.0051
-6.35   -0.45   0.0055
-6.35   -0.4    0.0117
-6.35   -0.35   0.0028
-6.35   -0.3    0.006
-6.35   -0.25   0.029
-6.35   -0.2    0.0188
-6.35   -0.15   0.0077
-6.35   -0.1    0.1662
-6.35   -0.05   0.4933
-6.35   0   0.6882
-6.35   0.05    0.5073
-6.35   0.1 0.177
-6.35   0.15    0.0079
-6.35   0.2 0.0215
-6.35   0.25    0.0347
-6.35   0.3 0.0077
-6.35   0.35    0.0034
-6.35   0.4 0.0175
-6.35   0.45    0.0122
-6.35   0.5 0.0011
-6.35   0.55    0.0019
-6.35   0.6 0.003
-6.35   0.65    0.0018
-6.35   0.7 0.0042
-6.35   0.75    0.0039
-6.35   0.85    0.0028
-6.35   0.9 0.0058
-6.35   0.95    0.0014
-6.35   1   0.0019
-6.35   1.05    0.0088
-6.35   1.1 0.0053
-6.35   1.15    0.0015
-6.35   1.2 0.0297
-6.35   1.25    0.0781
-6.35   1.3 0.0927
-6.35   1.35    0.0584
-6.35   1.4 0.0174
-6.35   1.5 0.0012
-6.35   1.55    0.0017
-6.35   2.55    0.0022
-6.35   2.6 0.0031
-6.35   2.65    0.0024
-6.3    -1.55   0.0016
-6.3    -1.5    0.0012
-6.3    -1.4    0.0184
-6.3    -1.35   0.0647
-6.3    -1.3    0.1046
-6.3    -1.25   0.0905
-6.3    -1.2    0.0353
-6.3    -1.15   0.0019
-6.3    -1.1    0.0067
-6.3    -1.05   0.012
-6.3    -1  0.0028
-6.3    -0.95   0.0018
-6.3    -0.9    0.0091
-6.3    -0.85   0.007
-6.3    -0.75   0.0022
-6.3    -0.7    0.0035
-6.3    -0.65   0.0027
-6.3    -0.6    0.0063
-6.3    -0.55   0.0058
-6.3    -0.45   0.0061
-6.3    -0.4    0.0128
-6.3    -0.35   0.0033
-6.3    -0.3    0.0062
-6.3    -0.25   0.0319
-6.3    -0.2    0.0201
-6.3    -0.15   0.0086
-6.3    -0.1    0.1803
-6.3    -0.05   0.5442
-6.3    0   0.7498
-6.3    0.05    0.558
-6.3    0.1 0.1906
-6.3    0.15    0.0106
-6.3    0.2 0.0228
-6.3    0.25    0.0385
-6.3    0.3 0.0086
-6.3    0.35    0.0036
-6.3    0.4 0.018
-6.3    0.45    0.0124
-6.3    0.5 0.0013
-6.3    0.55    0.0028
-6.3    0.6 0.0041
-6.3    0.65    0.0026
-6.3    0.7 0.0052
-6.3    0.75    0.0045
-6.3    0.85    0.0032
-6.3    0.9 0.0062
-6.3    0.95    0.0016
-6.3    1   0.0019
-6.3    1.05    0.0096
-6.3    1.1 0.0057
-6.3    1.15    0.0015
-6.3    1.2 0.0327
-6.3    1.25    0.0855
-6.3    1.3 0.1015
-6.3    1.35    0.0642
-6.3    1.4 0.0188
-6.3    1.5 0.0013
-6.3    1.55    0.0019
-6.3    2.55    0.0024
-6.3    2.6 0.0035
-6.3    2.65    0.0026
-6.25   -1.55   0.0013
-6.25   -1.4    0.0152
-6.25   -1.35   0.0515
-6.25   -1.3    0.0839
-6.25   -1.25   0.0722
-6.25   -1.2    0.0284
-6.25   -1.15   0.0014
-6.25   -1.1    0.0053
-6.25   -1.05   0.0094
-6.25   -1  0.0024
-6.25   -0.95   0.0012
-6.25   -0.9    0.0069
-6.25   -0.85   0.0053
-6.25   -0.75   0.0023
-6.25   -0.7    0.0035
-6.25   -0.65   0.003
-6.25   -0.6    0.0055
-6.25   -0.55   0.0049
-6.25   -0.45   0.005
-6.25   -0.4    0.0104
-6.25   -0.35   0.0025
-6.25   -0.3    0.0051
-6.25   -0.25   0.0252
-6.25   -0.2    0.0161
-6.25   -0.15   0.0078
-6.25   -0.1    0.1449
-6.25   -0.05   0.4337
-6.25   0   0.6002
-6.25   0.05    0.4409
-6.25   0.1 0.1531
-6.25   0.15    0.0067
-6.25   0.2 0.018
-6.25   0.25    0.0295
-6.25   0.3 0.0071
-6.25   0.35    0.0024
-6.25   0.4 0.0135
-6.25   0.45    0.0094
-6.25   0.5 0.0013
-6.25   0.55    0.003
-6.25   0.6 0.004
-6.25   0.65    0.0027
-6.25   0.7 0.0046
-6.25   0.75    0.0038
-6.25   0.85    0.0026
-6.25   0.9 0.0051
-6.25   0.95    0.0012
-6.25   1   0.0016
-6.25   1.05    0.0077
-6.25   1.1 0.0045
-6.25   1.15    0.0013
-6.25   1.2 0.026
-6.25   1.25    0.0685
-6.25   1.3 0.0806
-6.25   1.35    0.0507
-6.25   1.4 0.0151
-6.25   1.5 0.001
-6.25   1.55    0.0014
-6.25   2.55    0.0019
-6.25   2.6 0.0027
-6.25   2.65    0.002
-6.2    -1.4    0.0084
-6.2    -1.35   0.029
-6.2    -1.3    0.0467
-6.2    -1.25   0.0408
-6.2    -1.2    0.0159
-6.2    -1.1    0.0029
-6.2    -1.05   0.0052
-6.2    -1  0.0013
-6.2    -0.9    0.0036
-6.2    -0.85   0.0028
-6.2    -0.75   0.0019
-6.2    -0.7    0.0026
-6.2    -0.65   0.0021
-6.2    -0.6    0.0034
-6.2    -0.55   0.0028
-6.2    -0.45   0.0029
-6.2    -0.4    0.0057
-6.2    -0.35   0.0014
-6.2    -0.3    0.0029
-6.2    -0.25   0.0143
-6.2    -0.2    0.009
-6.2    -0.15   0.0045
-6.2    -0.1    0.0821
-6.2    -0.05   0.2431
-6.2    0   0.3351
-6.2    0.05    0.25
-6.2    0.1 0.0856
-6.2    0.15    0.005
-6.2    0.2 0.0097
-6.2    0.25    0.0167
-6.2    0.3 0.0039
-6.2    0.35    0.0015
-6.2    0.4 0.0072
-6.2    0.45    0.005
-6.2    0.5 0.0011
-6.2    0.55    0.0023
-6.2    0.6 0.003
-6.2    0.65    0.002
-6.2    0.7 0.0028
-6.2    0.75    0.0022
-6.2    0.85    0.0015
-6.2    0.9 0.0028
-6.2    1.05    0.0043
-6.2    1.1 0.0025
-6.2    1.2 0.0148
-6.2    1.25    0.0381
-6.2    1.3 0.0451
-6.2    1.35    0.0286
-6.2    1.4 0.0085
-6.2    2.55    0.0011
-6.2    2.6 0.0015
-6.2    2.65    0.0012
-6.15   -1.4    0.0029
-6.15   -1.35   0.0101
-6.15   -1.3    0.0164
-6.15   -1.25   0.014
-6.15   -1.2    0.0057
-6.15   -1.05   0.0017
-6.15   -0.9    0.0012
-6.15   -0.75   0.0011
-6.15   -0.7    0.0014
-6.15   -0.65   0.0011
-6.15   -0.6    0.0013
-6.15   -0.55   0.001
-6.15   -0.45   0.0011
-6.15   -0.4    0.002
-6.15   -0.3    0.0012
-6.15   -0.25   0.0051
-6.15   -0.2    0.0031
-6.15   -0.15   0.0013
-6.15   -0.1    0.0291
-6.15   -0.05   0.0845
-6.15   0   0.1164
-6.15   0.05    0.0878
-6.15   0.1 0.0303
-6.15   0.15    0.0014
-6.15   0.2 0.0033
-6.15   0.25    0.0054
-6.15   0.3 0.0013
-6.15   0.4 0.0023
-6.15   0.45    0.0017
-6.15   0.55    0.0014
-6.15   0.6 0.0015
-6.15   0.65    0.001
-6.15   0.7 0.0011
-6.15   1.05    0.0015
-6.15   1.2 0.0051
-6.15   1.25    0.0133
-6.15   1.3 0.0157
-6.15   1.35    0.01
-6.15   1.4 0.0029
-6.1    -1.35   0.0012
-6.1    -1.3    0.0021
-6.1    -1.25   0.0017
-6.1    -0.1    0.0035
-6.1    -0.05   0.0105
-6.1    0   0.0142
-6.1    0.05    0.0104
-6.1    0.1 0.0035
-6.1    1.25    0.0017
-6.1    1.3 0.002
-6.1    1.35    0.0012
-6.05   -0.05   0.0013
-6.05   0   0.0019
-6.05   0.05    0.0013
-6  -1.35   0.0012
-6  -1.3    0.002
-6  -1.25   0.0018
-6  -0.1    0.0036
-6  -0.05   0.0101
-6  0   0.0141
-6  0.05    0.0108
-6  0.1 0.0039
-6  1.25    0.0016
-6  1.3 0.0019
-6  1.35    0.0012
-5.95   -1.35   0.0014
-5.95   -1.3    0.0022
-5.95   -1.25   0.002
-5.95   -0.1    0.0041
-5.95   -0.05   0.0114
-5.95   0   0.0157
-5.95   0.05    0.0119
-5.95   0.1 0.0045
-5.95   1.25    0.0018
-5.95   1.3 0.0021
-5.95   1.35    0.0014
-5.9    -1.3    0.0011
-5.9    -0.1    0.0022
-5.9    -0.05   0.0057
-5.9    0   0.0077
-5.9    0.05    0.0059
-5.9    0.1 0.0022
-5.9    1.3 0.001
-5.85   -0.05   0.0012
-5.85   0   0.0015
-5.85   0.05    0.0011
-5.5    0   0.0012
-5.5    0.05    0.001
-5.45   -0.05   0.0014
-5.45   0   0.0021
-5.45   0.05    0.0017
-5.4    -0.05   0.0013
-5.4    0   0.0019
-5.4    0.05    0.0015
-4.9    -0.05   0.0013
-4.9    0   0.0018
-4.9    0.05    0.0013
-4.85   -0.05   0.0022
-4.85   0   0.0029
-4.85   0.05    0.0021
-4.8    -0.05   0.0018
-4.8    0   0.0024
-4.8    0.05    0.0016
-4.65   -0.05   0.0024
-4.65   0   0.0035
-4.65   0.05    0.0027
-4.6    -0.1    0.0011
-4.6    -0.05   0.0035
-4.6    0   0.0048
-4.6    0.05    0.0036
-4.6    0.1 0.0012
-4.55   -0.05   0.002
-4.55   0   0.0027
-4.55   0.05    0.002
-4.5    0   0.0012
-4.45   -0.05   0.0028
-4.45   0   0.004
-4.45   0.05    0.003
-4.45   0.1 0.001
-4.4    -1.3    0.0011
-4.4    -0.1    0.0017
-4.4    -0.05   0.0055
-4.4    0   0.0076
-4.4    0.05    0.0056
-4.4    0.1 0.0019
-4.4    1.3 0.001
-4.35   -0.1    0.0013
-4.35   -0.05   0.0042
-4.35   0   0.0058
-4.35   0.05    0.0042
-4.35   0.1 0.0014
-4.25   -0.05   0.0012
-4.25   0   0.0018
-4.25   0.05    0.0014
-4.2    -1.3    0.0013
-4.2    -1.25   0.0011
-4.2    -0.1    0.0021
-4.2    -0.05   0.0065
-4.2    0   0.0092
-4.2    0.05    0.0069
-4.2    0.1 0.0024
-4.2    1.3 0.0012
-4.15   -1.35   0.0011
-4.15   -1.3    0.0018
-4.15   -1.25   0.0016
-4.15   -0.1    0.0028
-4.15   -0.05   0.009
-4.15   0   0.0127
-4.15   0.05    0.0094
-4.15   0.1 0.0031
-4.15   1.25    0.0014
-4.15   1.3 0.0017
-4.15   1.35    0.001
-4.1    -0.1    0.0014
-4.1    -0.05   0.0045
-4.1    0   0.0064
-4.1    0.05    0.0048
-4.1    0.1 0.0015
-4  -0.1    0.0011
-4  -0.05   0.0035
-4  0   0.0048
-4  0.05    0.0037
-4  0.1 0.0013
-3.95   -1.35   0.0011
-3.95   -1.3    0.0018
-3.95   -1.25   0.0015
-3.95   -0.1    0.0029
-3.95   -0.05   0.009
-3.95   0   0.0125
-3.95   0.05    0.0092
-3.95   0.1 0.0031
-3.95   1.25    0.0014
-3.95   1.3 0.0016
-3.95   1.35    0.001
-3.9    -1.3    0.0015
-3.9    -1.25   0.0013
-3.9    -0.1    0.0023
-3.9    -0.05   0.0075
-3.9    0   0.0104
-3.9    0.05    0.0076
-3.9    0.1 0.0024
-3.9    1.25    0.0011
-3.9    1.3 0.0014
-3.85   -0.05   0.0017
-3.85   0   0.0024
-3.85   0.05    0.0018
-3.8    -0.05   0.001
-3.8    0   0.0014
-3.8    0.05    0.0011
-3.75   -0.05   0.003
-3.75   0   0.0044
-3.75   0.05    0.0032
-3.75   0.1 0.001
-3.7    -0.05   0.0012
-3.7    0   0.0015
-3.7    0.05    0.0011
-3.65   -1.35   0.0016
-3.65   -1.3    0.0023
-3.65   -1.25   0.0019
-3.65   -0.1    0.0048
-3.65   -0.05   0.0126
-3.65   0   0.0159
-3.65   0.05    0.0116
-3.65   0.1 0.0043
-3.65   1.25    0.0019
-3.65   1.3 0.002
-3.65   1.35    0.0013
-3.6    -1.4    0.0026
-3.6    -1.35   0.0084
-3.6    -1.3    0.0131
-3.6    -1.25   0.0111
-3.6    -1.2    0.0044
-3.6    -1.05   0.0011
-3.6    -0.6    0.0013
-3.6    -0.45   0.001
-3.6    -0.4    0.0016
-3.6    -0.3    0.0012
-3.6    -0.25   0.0045
-3.6    -0.2    0.0022
-3.6    -0.15   0.0017
-3.6    -0.1    0.0247
-3.6    -0.05   0.0684
-3.6    0   0.0901
-3.6    0.05    0.0657
-3.6    0.1 0.0229
-3.6    0.15    0.0016
-3.6    0.2 0.0017
-3.6    0.25    0.0035
-3.6    0.7 0.001
-3.6    1.05    0.0013
-3.6    1.2 0.0043
-3.6    1.25    0.0102
-3.6    1.3 0.0115
-3.6    1.35    0.0072
-3.6    1.4 0.0021
-3.55   -1.4    0.0058
-3.55   -1.35   0.0191
-3.55   -1.3    0.03
-3.55   -1.25   0.0252
-3.55   -1.2    0.0099
-3.55   -1.1    0.0015
-3.55   -1.05   0.0027
-3.55   -0.9    0.0015
-3.55   -0.85   0.0011
-3.55   -0.6    0.0023
-3.55   -0.55   0.0018
-3.55   -0.45   0.0022
-3.55   -0.4    0.0039
-3.55   -0.3    0.0025
-3.55   -0.25   0.01
-3.55   -0.2    0.0056
-3.55   -0.15   0.0031
-3.55   -0.1    0.0552
-3.55   -0.05   0.1552
-3.55   0   0.2069
-3.55   0.05    0.1503
-3.55   0.1 0.0517
-3.55   0.15    0.0025
-3.55   0.2 0.0048
-3.55   0.25    0.0083
-3.55   0.3 0.002
-3.55   0.4 0.0029
-3.55   0.45    0.0018
-3.55   0.7 0.0019
-3.55   0.75    0.0013
-3.55   0.85    0.0011
-3.55   0.9 0.0018
-3.55   1.05    0.0029
-3.55   1.1 0.0015
-3.55   1.2 0.0093
-3.55   1.25    0.0231
-3.55   1.3 0.0263
-3.55   1.35    0.0164
-3.55   1.4 0.0048
-3.5    -1.4    0.007
-3.5    -1.35   0.0239
-3.5    -1.3    0.0375
-3.5    -1.25   0.0319
-3.5    -1.2    0.0123
-3.5    -1.1    0.002
-3.5    -1.05   0.0036
-3.5    -0.9    0.0021
-3.5    -0.85   0.0013
-3.5    -0.6    0.0026
-3.5    -0.55   0.0023
-3.5    -0.45   0.0027
-3.5    -0.4    0.005
-3.5    -0.35   0.001
-3.5    -0.3    0.0027
-3.5    -0.25   0.0125
-3.5    -0.2    0.0073
-3.5    -0.15   0.0036
-3.5    -0.1    0.0671
-3.5    -0.05   0.1928
-3.5    0   0.2585
-3.5    0.05    0.1889
-3.5    0.1 0.0639
-3.5    0.15    0.0038
-3.5    0.2 0.0065
-3.5    0.25    0.011
-3.5    0.3 0.0024
-3.5    0.4 0.004
-3.5    0.45    0.0023
-3.5    0.7 0.0021
-3.5    0.75    0.0017
-3.5    0.85    0.0014
-3.5    0.9 0.0023
-3.5    1.05    0.0036
-3.5    1.1 0.002
-3.5    1.2 0.0114
-3.5    1.25    0.0286
-3.5    1.3 0.033
-3.5    1.35    0.0204
-3.5    1.4 0.006
-3.5    2.6 0.001
-3.45   -1.4    0.0047
-3.45   -1.35   0.016
-3.45   -1.3    0.0253
-3.45   -1.25   0.0213
-3.45   -1.2    0.0083
-3.45   -1.1    0.0014
-3.45   -1.05   0.0024
-3.45   -0.9    0.0015
-3.45   -0.6    0.0018
-3.45   -0.55   0.0015
-3.45   -0.45   0.0019
-3.45   -0.4    0.0037
-3.45   -0.3    0.0018
-3.45   -0.25   0.0084
-3.45   -0.2    0.005
-3.45   -0.15   0.0024
-3.45   -0.1    0.0446
-3.45   -0.05   0.1286
-3.45   0   0.1725
-3.45   0.05    0.1253
-3.45   0.1 0.0428
-3.45   0.15    0.0015
-3.45   0.2 0.0046
-3.45   0.25    0.0073
-3.45   0.3 0.0016
-3.45   0.4 0.0028
-3.45   0.45    0.0015
-3.45   0.7 0.0014
-3.45   0.75    0.0011
-3.45   0.9 0.0017
-3.45   1.05    0.0024
-3.45   1.1 0.0014
-3.45   1.2 0.0073
-3.45   1.25    0.0191
-3.45   1.3 0.0219
-3.45   1.35    0.0136
-3.45   1.4 0.0039
-3.4    -1.35   0.0029
-3.4    -1.3    0.0047
-3.4    -1.25   0.0039
-3.4    -1.2    0.0014
-3.4    -0.25   0.0017
-3.4    -0.1    0.0081
-3.4    -0.05   0.0245
-3.4    0   0.0316
-3.4    0.05    0.0229
-3.4    0.1 0.0081
-3.4    0.25    0.0015
-3.4    1.2 0.0013
-3.4    1.25    0.0036
-3.4    1.3 0.004
-3.4    1.35    0.0025
-3.35   -1.35   0.0018
-3.35   -1.3    0.0026
-3.35   -1.25   0.0023
-3.35   -0.1    0.0043
-3.35   -0.05   0.0137
-3.35   0   0.0177
-3.35   0.05    0.0136
-3.35   0.1 0.0049
-3.35   1.25    0.002
-3.35   1.3 0.0022
-3.35   1.35    0.0014
-3.3    -1.4    0.0041
-3.3    -1.35   0.0143
-3.3    -1.3    0.0225
-3.3    -1.25   0.0192
-3.3    -1.2    0.0072
-3.3    -1.1    0.0013
-3.3    -1.05   0.0022
-3.3    -0.9    0.0014
-3.3    -0.75   0.0012
-3.3    -0.6    0.001
-3.3    -0.55   0.0015
-3.3    -0.45   0.001
-3.3    -0.4    0.0024
-3.3    -0.3    0.0014
-3.3    -0.25   0.007
-3.3    -0.2    0.0042
-3.3    -0.15   0.0018
-3.3    -0.1    0.0384
-3.3    -0.05   0.1133
-3.3    0   0.1539
-3.3    0.05    0.1126
-3.3    0.1 0.0381
-3.3    0.15    0.002
-3.3    0.2 0.0042
-3.3    0.25    0.0066
-3.3    0.3 0.0011
-3.3    0.4 0.0027
-3.3    0.45    0.0011
-3.3    0.55    0.0014
-3.3    0.6 0.0011
-3.3    0.75    0.0011
-3.3    0.9 0.0011
-3.3    1.05    0.002
-3.3    1.1 0.0011
-3.3    1.2 0.0065
-3.3    1.25    0.0167
-3.3    1.3 0.0194
-3.3    1.35    0.012
-3.3    1.4 0.0035
-3.25   -1.4    0.0065
-3.25   -1.35   0.0223
-3.25   -1.3    0.0354
-3.25   -1.25   0.0297
-3.25   -1.2    0.0113
-3.25   -1.1    0.0021
-3.25   -1.05   0.0034
-3.25   -0.9    0.0022
-3.25   -0.85   0.0011
-3.25   -0.75   0.0015
-3.25   -0.7    0.0011
-3.25   -0.6    0.0019
-3.25   -0.55   0.0023
-3.25   -0.45   0.0018
-3.25   -0.4    0.0042
-3.25   -0.3    0.0024
-3.25   -0.25   0.011
-3.25   -0.2    0.0067
-3.25   -0.15   0.0031
-3.25   -0.1    0.0604
-3.25   -0.05   0.1782
-3.25   0   0.2393
-3.25   0.05    0.1731
-3.25   0.1 0.0578
-3.25   0.15    0.0022
-3.25   0.2 0.0067
-3.25   0.25    0.0102
-3.25   0.3 0.0019
-3.25   0.35    0.0011
-3.25   0.4 0.0042
-3.25   0.45    0.0019
-3.25   0.55    0.0018
-3.25   0.6 0.0013
-3.25   0.7 0.0014
-3.25   0.75    0.0017
-3.25   0.9 0.0019
-3.25   1.05    0.0032
-3.25   1.1 0.0018
-3.25   1.2 0.0101
-3.25   1.25    0.0261
-3.25   1.3 0.0299
-3.25   1.35    0.0186
-3.25   1.4 0.0052
-3.2    -1.4    0.0035
-3.2    -1.35   0.012
-3.2    -1.3    0.019
-3.2    -1.25   0.0161
-3.2    -1.2    0.0062
-3.2    -1.1    0.0012
-3.2    -1.05   0.0019
-3.2    -0.9    0.0012
-3.2    -0.6    0.0011
-3.2    -0.55   0.0013
-3.2    -0.45   0.001
-3.2    -0.4    0.0023
-3.2    -0.3    0.0012
-3.2    -0.25   0.0058
-3.2    -0.2    0.0035
-3.2    -0.15   0.0015
-3.2    -0.1    0.032
-3.2    -0.05   0.095
-3.2    0   0.1291
-3.2    0.05    0.093
-3.2    0.1 0.0311
-3.2    0.15    0.0015
-3.2    0.2 0.0037
-3.2    0.25    0.0056
-3.2    0.3 0.0011
-3.2    0.4 0.0023
-3.2    0.45    0.0011
-3.2    0.9 0.001
-3.2    1.05    0.0016
-3.2    1.2 0.0054
-3.2    1.25    0.0138
-3.2    1.3 0.0162
-3.2    1.35    0.0099
-3.2    1.4 0.0029
-3.15   -0.05   0.0016
-3.15   0   0.0035
-3.15   0.05    0.002
-3.1    -1.4    0.0041
-3.1    -1.35   0.0143
-3.1    -1.3    0.0239
-3.1    -1.25   0.0203
-3.1    -1.2    0.0075
-3.1    -1.1    0.0015
-3.1    -1.05   0.0023
-3.1    -0.9    0.0016
-3.1    -0.75   0.0016
-3.1    -0.7    0.0013
-3.1    -0.6    0.0011
-3.1    -0.55   0.0015
-3.1    -0.45   0.0012
-3.1    -0.4    0.0031
-3.1    -0.3    0.0014
-3.1    -0.25   0.0073
-3.1    -0.2    0.0053
-3.1    -0.15   0.0011
-3.1    -0.1    0.0389
-3.1    -0.05   0.1142
-3.1    0   0.1599
-3.1    0.05    0.1165
-3.1    0.1 0.038
-3.1    0.15    0.0015
-3.1    0.2 0.0045
-3.1    0.25    0.0069
-3.1    0.3 0.0014
-3.1    0.4 0.003
-3.1    0.45    0.0011
-3.1    0.55    0.0019
-3.1    0.6 0.0014
-3.1    0.75    0.0011
-3.1    0.9 0.0014
-3.1    1.05    0.0021
-3.1    1.1 0.0014
-3.1    1.2 0.0065
-3.1    1.25    0.0173
-3.1    1.3 0.02
-3.1    1.35    0.0122
-3.1    1.4 0.0034
-3.05   -1.55   0.0013
-3.05   -1.4    0.0137
-3.05   -1.35   0.0473
-3.05   -1.3    0.0762
-3.05   -1.25   0.0643
-3.05   -1.2    0.0239
-3.05   -1.1    0.0047
-3.05   -1.05   0.0074
-3.05   -1  0.0013
-3.05   -0.95   0.0014
-3.05   -0.9    0.0051
-3.05   -0.85   0.0022
-3.05   -0.75   0.0041
-3.05   -0.7    0.0032
-3.05   -0.6    0.0038
-3.05   -0.55   0.0051
-3.05   -0.45   0.0041
-3.05   -0.4    0.0101
-3.05   -0.35   0.0026
-3.05   -0.3    0.0045
-3.05   -0.25   0.0241
-3.05   -0.2    0.0159
-3.05   -0.15   0.0061
-3.05   -0.1    0.1244
-3.05   -0.05   0.3741
-3.05   0   0.5091
-3.05   0.05    0.3712
-3.05   0.1 0.1232
-3.05   0.15    0.0046
-3.05   0.2 0.0151
-3.05   0.25    0.0222
-3.05   0.3 0.0038
-3.05   0.35    0.0026
-3.05   0.4 0.0094
-3.05   0.45    0.0039
-3.05   0.55    0.0047
-3.05   0.6 0.0035
-3.05   0.7 0.0029
-3.05   0.75    0.0036
-3.05   0.85    0.002
-3.05   0.9 0.0045
-3.05   0.95    0.0012
-3.05   1   0.0013
-3.05   1.05    0.0067
-3.05   1.1 0.004
-3.05   1.2 0.0204
-3.05   1.25    0.0538
-3.05   1.3 0.063
-3.05   1.35    0.0392
-3.05   1.4 0.011
-3.05   1.55    0.001
-3.05   2.55    0.0013
-3.05   2.6 0.0019
-3.05   2.65    0.0014
-3  -1.55   0.0014
-3  -1.5    0.0011
-3  -1.4    0.015
-3  -1.35   0.0522
-3  -1.3    0.0832
-3  -1.25   0.0708
-3  -1.2    0.0263
-3  -1.15   0.0012
-3  -1.1    0.0051
-3  -1.05   0.0082
-3  -1  0.0015
-3  -0.95   0.0015
-3  -0.9    0.0057
-3  -0.85   0.0025
-3  -0.75   0.0038
-3  -0.7    0.003
-3  -0.6    0.0045
-3  -0.55   0.0057
-3  -0.45   0.0045
-3  -0.4    0.0108
-3  -0.35   0.0029
-3  -0.3    0.0049
-3  -0.25   0.0255
-3  -0.2    0.0173
-3  -0.15   0.0043
-3  -0.1    0.1383
-3  -0.05   0.4067
-3  0   0.5553
-3  0.05    0.4019
-3  0.1 0.1325
-3  0.15    0.0064
-3  0.2 0.0165
-3  0.25    0.0243
-3  0.3 0.0046
-3  0.35    0.0028
-3  0.4 0.0105
-3  0.45    0.0043
-3  0.55    0.0044
-3  0.6 0.0031
-3  0.7 0.0034
-3  0.75    0.0041
-3  0.85    0.0022
-3  0.9 0.0049
-3  0.95    0.0012
-3  1   0.0014
-3  1.05    0.0071
-3  1.1 0.0045
-3  1.2 0.022
-3  1.25    0.0584
-3  1.3 0.0688
-3  1.35    0.0422
-3  1.4 0.0121
-3  1.55    0.0011
-3  2.55    0.0015
-3  2.6 0.0021
-3  2.65    0.0015
-2.95   -1.4    0.0034
-2.95   -1.35   0.013
-2.95   -1.3    0.0204
-2.95   -1.25   0.0172
-2.95   -1.2    0.0063
-2.95   -1.1    0.0013
-2.95   -1.05   0.0022
-2.95   -0.9    0.0015
-2.95   -0.6    0.0013
-2.95   -0.55   0.0015
-2.95   -0.45   0.0012
-2.95   -0.4    0.0027
-2.95   -0.3    0.0013
-2.95   -0.25   0.0065
-2.95   -0.2    0.0043
-2.95   -0.15   0.0019
-2.95   -0.1    0.0327
-2.95   -0.05   0.1018
-2.95   0   0.1361
-2.95   0.05    0.0981
-2.95   0.1 0.0318
-2.95   0.15    0.0014
-2.95   0.2 0.0042
-2.95   0.25    0.0061
-2.95   0.3 0.001
-2.95   0.4 0.0027
-2.95   0.45    0.0014
-2.95   0.75    0.001
-2.95   0.9 0.0012
-2.95   1.05    0.0018
-2.95   1.1 0.0011
-2.95   1.2 0.0056
-2.95   1.25    0.0142
-2.95   1.3 0.0167
-2.95   1.35    0.0109
-2.95   1.4 0.0029
-2.9    -1.4    0.0053
-2.9    -1.35   0.0173
-2.9    -1.3    0.0273
-2.9    -1.25   0.0236
-2.9    -1.2    0.009
-2.9    -1.1    0.0018
-2.9    -1.05   0.0027
-2.9    -0.9    0.0016
-2.9    -0.75   0.0021
-2.9    -0.7    0.0016
-2.9    -0.6    0.0012
-2.9    -0.55   0.0018
-2.9    -0.45   0.0014
-2.9    -0.4    0.0033
-2.9    -0.3    0.0018
-2.9    -0.25   0.008
-2.9    -0.2    0.005
-2.9    -0.15   0.0014
-2.9    -0.1    0.0518
-2.9    -0.05   0.1318
-2.9    0   0.1824
-2.9    0.05    0.1349
-2.9    0.1 0.0452
-2.9    0.15    0.0018
-2.9    0.2 0.0051
-2.9    0.25    0.0078
-2.9    0.3 0.0015
-2.9    0.4 0.0031
-2.9    0.55    0.0024
-2.9    0.6 0.0017
-2.9    0.75    0.0012
-2.9    0.9 0.0015
-2.9    1.05    0.0023
-2.9    1.1 0.0013
-2.9    1.2 0.0082
-2.9    1.25    0.0183
-2.9    1.3 0.0222
-2.9    1.35    0.0142
-2.9    1.4 0.004
-2.85   -2.5    0.0022
-2.85   -1.55   0.0053
-2.85   -1.5    0.0041
-2.85   -1.45   0.0028
-2.85   -1.4    0.0587
-2.85   -1.35   0.1973
-2.85   -1.3    0.3154
-2.85   -1.25   0.2665
-2.85   -1.2    0.1006
-2.85   -1.15   0.0035
-2.85   -1.1    0.0186
-2.85   -1.05   0.0313
-2.85   -1  0.0056
-2.85   -0.95   0.0055
-2.85   -0.9    0.0198
-2.85   -0.85   0.0087
-2.85   -0.8    0.0017
-2.85   -0.75   0.0183
-2.85   -0.7    0.0131
-2.85   -0.6    0.0165
-2.85   -0.55   0.0221
-2.85   -0.5    0.0018
-2.85   -0.45   0.017
-2.85   -0.4    0.0414
-2.85   -0.35   0.0124
-2.85   -0.3    0.0167
-2.85   -0.25   0.0983
-2.85   -0.2    0.0629
-2.85   -0.15   0.0239
-2.85   -0.1    0.5019
-2.85   -0.05   1.5385
-2.85   0   2.0945
-2.85   0.05    1.5183
-2.85   0.1 0.5021
-2.85   0.15    0.025
-2.85   0.2 0.0589
-2.85   0.25    0.093
-2.85   0.3 0.0157
-2.85   0.35    0.01
-2.85   0.4 0.0364
-2.85   0.45    0.0149
-2.85   0.5 0.0022
-2.85   0.55    0.0208
-2.85   0.6 0.0141
-2.85   0.7 0.0122
-2.85   0.75    0.0152
-2.85   0.8 0.0012
-2.85   0.85    0.008
-2.85   0.9 0.0181
-2.85   0.95    0.0052
-2.85   1   0.005
-2.85   1.05    0.0267
-2.85   1.1 0.0159
-2.85   1.15    0.0037
-2.85   1.2 0.0825
-2.85   1.25    0.2199
-2.85   1.3 0.2568
-2.85   1.35    0.161
-2.85   1.4 0.0438
-2.85   1.45    0.0023
-2.85   1.5 0.0033
-2.85   1.55    0.0041
-2.85   2.5 0.0017
-2.85   2.55    0.0054
-2.85   2.6 0.0077
-2.85   2.65    0.0057
-2.85   2.7 0.0019
-2.8    -2.55   0.0217
-2.8    -2.5    0.0067
-2.8    -2.35   0.0011
-2.8    -1.7    0.0028
-2.8    -1.6    0.0024
-2.8    -1.55   0.0159
-2.8    -1.5    0.0122
-2.8    -1.45   0.0058
-2.8    -1.4    0.1718
-2.8    -1.35   0.601
-2.8    -1.3    0.9524
-2.8    -1.25   0.8071
-2.8    -1.2    0.3029
-2.8    -1.15   0.0128
-2.8    -1.1    0.0574
-2.8    -1.05   0.0928
-2.8    -1  0.0175
-2.8    -0.95   0.0159
-2.8    -0.9    0.0615
-2.8    -0.85   0.0256
-2.8    -0.8    0.0054
-2.8    -0.75   0.049
-2.8    -0.7    0.0368
-2.8    -0.65   0.0019
-2.8    -0.6    0.0522
-2.8    -0.55   0.0677
-2.8    -0.5    0.0052
-2.8    -0.45   0.0519
-2.8    -0.4    0.1243
-2.8    -0.35   0.0328
-2.8    -0.3    0.0533
-2.8    -0.25   0.2863
-2.8    -0.2    0.1941
-2.8    -0.15   0.0548
-2.8    -0.1    1.5435
-2.8    -0.05   4.5922
-2.8    0   6.2413
-2.8    0.05    4.4921
-2.8    0.1 1.4916
-2.8    0.15    0.0573
-2.8    0.2 0.1833
-2.8    0.25    0.2701
-2.8    0.3 0.0508
-2.8    0.35    0.029
-2.8    0.4 0.111
-2.8    0.45    0.0445
-2.8    0.5 0.0057
-2.8    0.55    0.0563
-2.8    0.6 0.0383
-2.8    0.65    0.0018
-2.8    0.7 0.039
-2.8    0.75    0.0469
-2.8    0.8 0.0036
-2.8    0.85    0.024
-2.8    0.9 0.0549
-2.8    0.95    0.0142
-2.8    1   0.0154
-2.8    1.05    0.078
-2.8    1.1 0.0491
-2.8    1.15    0.0102
-2.8    1.2 0.2502
-2.8    1.25    0.651
-2.8    1.3 0.76
-2.8    1.35    0.4627
-2.8    1.4 0.1328
-2.8    1.45    0.0047
-2.8    1.5 0.0092
-2.8    1.55    0.0118
-2.8    1.6 0.0019
-2.8    1.7 0.002
-2.8    2.5 0.0049
-2.8    2.55    0.016
-2.8    2.6 0.0225
-2.8    2.65    0.0164
-2.8    2.7 0.0055
-2.75   -2.55   0.0362
-2.75   -2.5    0.0112
-2.75   -2.4    0.0016
-2.75   -2.35   0.0018
-2.75   -1.75   0.0015
-2.75   -1.7    0.0049
-2.75   -1.65   0.0016
-2.75   -1.6    0.0044
-2.75   -1.55   0.0274
-2.75   -1.5    0.0208
-2.75   -1.45   0.0144
-2.75   -1.4    0.3
-2.75   -1.35   1.0442
-2.75   -1.3    1.6709
-2.75   -1.25   1.4069
-2.75   -1.2    0.5293
-2.75   -1.15   0.0216
-2.75   -1.1    0.1029
-2.75   -1.05   0.1616
-2.75   -1  0.0289
-2.75   -0.95   0.0282
-2.75   -0.9    0.1041
-2.75   -0.85   0.0456
-2.75   -0.8    0.0061
-2.75   -0.75   0.0801
-2.75   -0.7    0.0597
-2.75   -0.65   0.0022
-2.75   -0.6    0.092
-2.75   -0.55   0.1161
-2.75   -0.5    0.0109
-2.75   -0.45   0.0874
-2.75   -0.4    0.2151
-2.75   -0.35   0.0584
-2.75   -0.3    0.0904
-2.75   -0.25   0.5054
-2.75   -0.2    0.3306
-2.75   -0.15   0.1344
-2.75   -0.1    2.6567
-2.75   -0.05   7.9734
-2.75   0   10.7653
-2.75   0.05    7.8458
-2.75   0.1 2.5596
-2.75   0.15    0.1084
-2.75   0.2 0.3158
-2.75   0.25    0.4702
-2.75   0.3 0.0827
-2.75   0.35    0.0524
-2.75   0.4 0.1881
-2.75   0.45    0.0778
-2.75   0.5 0.0081
-2.75   0.55    0.0895
-2.75   0.6 0.0632
-2.75   0.7 0.0684
-2.75   0.75    0.0798
-2.75   0.8 0.0069
-2.75   0.85    0.041
-2.75   0.9 0.093
-2.75   0.95    0.0249
-2.75   1   0.0245
-2.75   1.05    0.1363
-2.75   1.1 0.0838
-2.75   1.15    0.0194
-2.75   1.2 0.424
-2.75   1.25    1.1199
-2.75   1.3 1.3014
-2.75   1.35    0.8092
-2.75   1.4 0.2264
-2.75   1.45    0.0096
-2.75   1.5 0.0155
-2.75   1.55    0.0207
-2.75   1.6 0.0033
-2.75   1.65    0.0011
-2.75   1.7 0.0035
-2.75   1.75    0.0011
-2.75   2.35    0.0013
-2.75   2.4 0.0012
-2.75   2.5 0.0084
-2.75   2.55    0.0274
-2.75   2.6 0.0384
-2.75   2.65    0.0285
-2.75   2.7 0.0095
-2.75   2.85    0.0012
-2.7    -2.55   0.0444
-2.7    -2.5    0.0135
-2.7    -2.4    0.0019
-2.7    -2.35   0.0022
-2.7    -1.75   0.0019
-2.7    -1.7    0.0058
-2.7    -1.65   0.0019
-2.7    -1.6    0.0051
-2.7    -1.55   0.0321
-2.7    -1.5    0.0249
-2.7    -1.45   0.011
-2.7    -1.4    0.3556
-2.7    -1.35   1.2403
-2.7    -1.3    1.9936
-2.7    -1.25   1.6975
-2.7    -1.2    0.641
-2.7    -1.15   0.0319
-2.7    -1.1    0.1232
-2.7    -1.05   0.1973
-2.7    -1  0.0377
-2.7    -0.95   0.0336
-2.7    -0.9    0.1311
-2.7    -0.85   0.0559
-2.7    -0.8    0.0095
-2.7    -0.75   0.0942
-2.7    -0.7    0.069
-2.7    -0.65   0.0052
-2.7    -0.6    0.1103
-2.7    -0.55   0.1428
-2.7    -0.5    0.0112
-2.7    -0.45   0.1046
-2.7    -0.4    0.2564
-2.7    -0.35   0.0676
-2.7    -0.3    0.1103
-2.7    -0.25   0.5879
-2.7    -0.2    0.3978
-2.7    -0.15   0.1239
-2.7    -0.1    3.2256
-2.7    -0.05   9.5214
-2.7    0   13.0563
-2.7    0.05    9.4373
-2.7    0.1 3.1303
-2.7    0.15    0.1376
-2.7    0.2 0.3824
-2.7    0.25    0.5604
-2.7    0.3 0.1034
-2.7    0.35    0.06
-2.7    0.4 0.2302
-2.7    0.45    0.0952
-2.7    0.5 0.0092
-2.7    0.55    0.1061
-2.7    0.6 0.0712
-2.7    0.65    0.0042
-2.7    0.7 0.082
-2.7    0.75    0.0975
-2.7    0.8 0.0087
-2.7    0.85    0.0483
-2.7    0.9 0.1122
-2.7    0.95    0.0287
-2.7    1   0.031
-2.7    1.05    0.1593
-2.7    1.1 0.0999
-2.7    1.15    0.0223
-2.7    1.2 0.513
-2.7    1.25    1.3336
-2.7    1.3 1.5666
-2.7    1.35    0.9649
-2.7    1.4 0.274
-2.7    1.45    0.0099
-2.7    1.5 0.0191
-2.7    1.55    0.0243
-2.7    1.6 0.0039
-2.7    1.65    0.0013
-2.7    1.7 0.0041
-2.7    1.75    0.0014
-2.7    2.35    0.0016
-2.7    2.4 0.0014
-2.7    2.5 0.0099
-2.7    2.55    0.0323
-2.7    2.6 0.0456
-2.7    2.65    0.0336
-2.7    2.7 0.0113
-2.7    2.85    0.0014
-2.65   -2.55   0.0391
-2.65   -2.5    0.012
-2.65   -2.4    0.0016
-2.65   -2.35   0.0019
-2.65   -1.75   0.0016
-2.65   -1.7    0.0052
-2.65   -1.65   0.0017
-2.65   -1.6    0.0046
-2.65   -1.55   0.0286
-2.65   -1.5    0.0214
-2.65   -1.45   0.0143
-2.65   -1.4    0.3067
-2.65   -1.35   1.0655
-2.65   -1.3    1.7021
-2.65   -1.25   1.4466
-2.65   -1.2    0.5454
-2.65   -1.15   0.022
-2.65   -1.1    0.1044
-2.65   -1.05   0.1698
-2.65   -1  0.0301
-2.65   -0.95   0.029
-2.65   -0.9    0.1116
-2.65   -0.85   0.0502
-2.65   -0.8    0.0059
-2.65   -0.75   0.0796
-2.65   -0.7    0.0583
-2.65   -0.65   0.0023
-2.65   -0.6    0.0988
-2.65   -0.55   0.1224
-2.65   -0.5    0.011
-2.65   -0.45   0.089
-2.65   -0.4    0.2204
-2.65   -0.35   0.0616
-2.65   -0.3    0.0877
-2.65   -0.25   0.5114
-2.65   -0.2    0.3367
-2.65   -0.15   0.1317
-2.65   -0.1    2.6984
-2.65   -0.05   8.1744
-2.65   0   11.0923
-2.65   0.05    8.0989
-2.65   0.1 2.6494
-2.65   0.15    0.1293
-2.65   0.2 0.322
-2.65   0.25    0.4889
-2.65   0.3 0.0864
-2.65   0.35    0.0532
-2.65   0.4 0.1984
-2.65   0.45    0.0832
-2.65   0.5 0.0072
-2.65   0.55    0.0865
-2.65   0.6 0.0598
-2.65   0.65    0.0011
-2.65   0.7 0.0721
-2.65   0.75    0.0831
-2.65   0.8 0.0068
-2.65   0.85    0.0413
-2.65   0.9 0.094
-2.65   0.95    0.0256
-2.65   1   0.0242
-2.65   1.05    0.1365
-2.65   1.1 0.0843
-2.65   1.15    0.0179
-2.65   1.2 0.4324
-2.65   1.25    1.1372
-2.65   1.3 1.3303
-2.65   1.35    0.8281
-2.65   1.4 0.2335
-2.65   1.45    0.0114
-2.65   1.5 0.016
-2.65   1.55    0.0213
-2.65   1.6 0.0034
-2.65   1.65    0.0011
-2.65   1.7 0.0036
-2.65   1.75    0.0012
-2.65   2.35    0.0013
-2.65   2.4 0.0012
-2.65   2.5 0.0085
-2.65   2.55    0.0273
-2.65   2.6 0.0386
-2.65   2.65    0.0286
-2.65   2.7 0.0097
-2.65   2.85    0.0012
-2.6    -2.55   0.0225
-2.6    -2.5    0.0072
-2.6    -2.35   0.0012
-2.6    -1.7    0.0031
-2.6    -1.6    0.0027
-2.6    -1.55   0.0172
-2.6    -1.5    0.0132
-2.6    -1.45   0.0065
-2.6    -1.4    0.1857
-2.6    -1.35   0.6476
-2.6    -1.3    1.0414
-2.6    -1.25   0.879
-2.6    -1.2    0.3278
-2.6    -1.15   0.0151
-2.6    -1.1    0.0623
-2.6    -1.05   0.1005
-2.6    -1  0.0203
-2.6    -0.95   0.0178
-2.6    -0.9    0.0681
-2.6    -0.85   0.0307
-2.6    -0.8    0.0035
-2.6    -0.75   0.0469
-2.6    -0.7    0.0336
-2.6    -0.65   0.0033
-2.6    -0.6    0.06
-2.6    -0.55   0.0762
-2.6    -0.5    0.0061
-2.6    -0.45   0.0563
-2.6    -0.4    0.1326
-2.6    -0.35   0.0351
-2.6    -0.3    0.0546
-2.6    -0.25   0.3029
-2.6    -0.2    0.2017
-2.6    -0.15   0.0715
-2.6    -0.1    1.6825
-2.6    -0.05   4.8403
-2.6    0   6.6649
-2.6    0.05    4.7768
-2.6    0.1 1.5844
-2.6    0.15    0.0682
-2.6    0.2 0.1929
-2.6    0.25    0.2836
-2.6    0.3 0.0535
-2.6    0.35    0.0314
-2.6    0.4 0.1198
-2.6    0.45    0.0525
-2.6    0.5 0.0032
-2.6    0.55    0.0517
-2.6    0.6 0.0337
-2.6    0.65    0.0026
-2.6    0.7 0.0436
-2.6    0.75    0.0505
-2.6    0.8 0.0046
-2.6    0.85    0.0254
-2.6    0.9 0.0575
-2.6    0.95    0.0149
-2.6    1   0.0168
-2.6    1.05    0.0812
-2.6    1.1 0.0503
-2.6    1.15    0.0114
-2.6    1.2 0.2643
-2.6    1.25    0.6758
-2.6    1.3 0.7915
-2.6    1.35    0.4853
-2.6    1.4 0.1386
-2.6    1.45    0.0048
-2.6    1.5 0.0096
-2.6    1.55    0.0125
-2.6    1.6 0.002
-2.6    1.7 0.0021
-2.6    2.5 0.0049
-2.6    2.55    0.0163
-2.6    2.6 0.0229
-2.6    2.65    0.017
-2.6    2.7 0.0057
-2.55   -2.55   0.0078
-2.55   -2.5    0.0025
-2.55   -1.7    0.0011
-2.55   -1.55   0.0063
-2.55   -1.5    0.0047
-2.55   -1.45   0.0035
-2.55   -1.4    0.067
-2.55   -1.35   0.2397
-2.55   -1.3    0.38
-2.55   -1.25   0.3207
-2.55   -1.2    0.1221
-2.55   -1.15   0.0055
-2.55   -1.1    0.0217
-2.55   -1.05   0.0358
-2.55   -1  0.0065
-2.55   -0.95   0.0062
-2.55   -0.9    0.0238
-2.55   -0.85   0.0109
-2.55   -0.75   0.0156
-2.55   -0.7    0.0122
-2.55   -0.6    0.021
-2.55   -0.55   0.0258
-2.55   -0.5    0.0022
-2.55   -0.45   0.0197
-2.55   -0.4    0.0472
-2.55   -0.35   0.0129
-2.55   -0.3    0.0204
-2.55   -0.25   0.11
-2.55   -0.2    0.0727
-2.55   -0.15   0.021
-2.55   -0.1    0.5875
-2.55   -0.05   1.7261
-2.55   0   2.3573
-2.55   0.05    1.7489
-2.55   0.1 0.5644
-2.55   0.15    0.029
-2.55   0.2 0.0664
-2.55   0.25    0.1017
-2.55   0.3 0.0181
-2.55   0.35    0.0111
-2.55   0.4 0.0422
-2.55   0.45    0.0182
-2.55   0.55    0.0167
-2.55   0.6 0.0121
-2.55   0.7 0.0153
-2.55   0.75    0.0174
-2.55   0.8 0.0013
-2.55   0.85    0.0091
-2.55   0.9 0.0201
-2.55   0.95    0.0053
-2.55   1   0.0053
-2.55   1.05    0.0289
-2.55   1.1 0.0181
-2.55   1.15    0.0032
-2.55   1.2 0.0914
-2.55   1.25    0.2384
-2.55   1.3 0.2819
-2.55   1.35    0.1751
-2.55   1.4 0.0491
-2.55   1.45    0.0025
-2.55   1.5 0.0032
-2.55   1.55    0.0044
-2.55   2.5 0.0018
-2.55   2.55    0.0057
-2.55   2.6 0.0082
-2.55   2.65    0.006
-2.55   2.7 0.002
-2.5    -2.6    0.0012
-2.5    -1.4    0.0061
-2.5    -1.35   0.023
-2.5    -1.3    0.0389
-2.5    -1.25   0.0344
-2.5    -1.2    0.0142
-2.5    -1.1    0.0022
-2.5    -1.05   0.0036
-2.5    -0.9    0.0026
-2.5    -0.85   0.0011
-2.5    -0.75   0.0014
-2.5    -0.7    0.0012
-2.5    -0.6    0.0018
-2.5    -0.55   0.0023
-2.5    -0.45   0.0022
-2.5    -0.4    0.0047
-2.5    -0.35   0.0011
-2.5    -0.3    0.0025
-2.5    -0.25   0.011
-2.5    -0.2    0.0073
-2.5    -0.15   0.0023
-2.5    -0.1    0.0637
-2.5    -0.05   0.1704
-2.5    0   0.2434
-2.5    0.05    0.1721
-2.5    0.1 0.0644
-2.5    0.15    0.0027
-2.5    0.2 0.0068
-2.5    0.25    0.0096
-2.5    0.3 0.0018
-2.5    0.35    0.0011
-2.5    0.4 0.0043
-2.5    0.45    0.0019
-2.5    0.55    0.0015
-2.5    0.6 0.0012
-2.5    0.7 0.0014
-2.5    0.75    0.0015
-2.5    0.9 0.0021
-2.5    1.05    0.0029
-2.5    1.1 0.0018
-2.5    1.2 0.0089
-2.5    1.25    0.0235
-2.5    1.3 0.0291
-2.5    1.35    0.0169
-2.5    1.4 0.0053
-2.45   -1.4    0.0032
-2.45   -1.35   0.0119
-2.45   -1.3    0.0186
-2.45   -1.25   0.016
-2.45   -1.2    0.006
-2.45   -1.1    0.0011
-2.45   -1.05   0.0019
-2.45   -0.9    0.0012
-2.45   -0.6    0.0013
-2.45   -0.55   0.0017
-2.45   -0.4    0.0023
-2.45   -0.25   0.0051
-2.45   -0.2    0.0036
-2.45   -0.15   0.0011
-2.45   -0.1    0.0291
-2.45   -0.05   0.0893
-2.45   0   0.1228
-2.45   0.05    0.0892
-2.45   0.1 0.0274
-2.45   0.15    0.0017
-2.45   0.2 0.0041
-2.45   0.25    0.0054
-2.45   0.4 0.0021
-2.45   0.55    0.0011
-2.45   0.75    0.0011
-2.45   1.05    0.0013
-2.45   1.2 0.0048
-2.45   1.25    0.0122
-2.45   1.3 0.0142
-2.45   1.35    0.0088
-2.45   1.4 0.0023
-2.4    -2.6    0.0026
-2.4    -2.55   0.0019
-2.4    -1.55   0.0015
-2.4    -1.5    0.0011
-2.4    -1.4    0.0177
-2.4    -1.35   0.06
-2.4    -1.3    0.0957
-2.4    -1.25   0.08
-2.4    -1.2    0.0305
-2.4    -1.15   0.0012
-2.4    -1.1    0.0056
-2.4    -1.05   0.0091
-2.4    -1  0.0017
-2.4    -0.95   0.0016
-2.4    -0.9    0.0062
-2.4    -0.85   0.0028
-2.4    -0.75   0.0044
-2.4    -0.7    0.0031
-2.4    -0.6    0.0058
-2.4    -0.55   0.0077
-2.4    -0.45   0.0042
-2.4    -0.4    0.0114
-2.4    -0.35   0.0033
-2.4    -0.3    0.0047
-2.4    -0.25   0.0255
-2.4    -0.2    0.017
-2.4    -0.15   0.0068
-2.4    -0.1    0.1471
-2.4    -0.05   0.4295
-2.4    0   0.5869
-2.4    0.05    0.4264
-2.4    0.1 0.1422
-2.4    0.15    0.0056
-2.4    0.2 0.0168
-2.4    0.25    0.0252
-2.4    0.3 0.0046
-2.4    0.35    0.0027
-2.4    0.4 0.0106
-2.4    0.45    0.0045
-2.4    0.55    0.0047
-2.4    0.6 0.0031
-2.4    0.7 0.0041
-2.4    0.75    0.0049
-2.4    0.85    0.0018
-2.4    0.9 0.0047
-2.4    0.95    0.0013
-2.4    1   0.0013
-2.4    1.05    0.0067
-2.4    1.1 0.004
-2.4    1.15    0.0012
-2.4    1.2 0.0227
-2.4    1.25    0.0585
-2.4    1.3 0.0682
-2.4    1.35    0.0421
-2.4    1.4 0.0122
-2.4    1.55    0.0011
-2.4    2.55    0.0014
-2.4    2.6 0.0019
-2.4    2.65    0.0014
-2.35   -2.6    0.0031
-2.35   -2.55   0.0021
-2.35   -1.55   0.0016
-2.35   -1.5    0.0012
-2.35   -1.4    0.0182
-2.35   -1.35   0.0642
-2.35   -1.3    0.1013
-2.35   -1.25   0.0864
-2.35   -1.2    0.0326
-2.35   -1.15   0.0017
-2.35   -1.1    0.0056
-2.35   -1.05   0.0094
-2.35   -1  0.0017
-2.35   -0.95   0.0018
-2.35   -0.9    0.0064
-2.35   -0.85   0.003
-2.35   -0.75   0.0042
-2.35   -0.7    0.0032
-2.35   -0.6    0.0056
-2.35   -0.55   0.0072
-2.35   -0.45   0.0043
-2.35   -0.4    0.0113
-2.35   -0.35   0.0034
-2.35   -0.3    0.0045
-2.35   -0.25   0.0265
-2.35   -0.2    0.0166
-2.35   -0.15   0.0072
-2.35   -0.1    0.1504
-2.35   -0.05   0.4463
-2.35   0   0.601
-2.35   0.05    0.4405
-2.35   0.1 0.1469
-2.35   0.15    0.0076
-2.35   0.2 0.0163
-2.35   0.25    0.0257
-2.35   0.3 0.0046
-2.35   0.35    0.0028
-2.35   0.4 0.011
-2.35   0.45    0.0048
-2.35   0.55    0.0044
-2.35   0.6 0.0032
-2.35   0.7 0.0039
-2.35   0.75    0.0047
-2.35   0.85    0.0018
-2.35   0.9 0.0046
-2.35   0.95    0.0013
-2.35   1   0.0013
-2.35   1.05    0.0067
-2.35   1.1 0.0041
-2.35   1.2 0.0231
-2.35   1.25    0.0597
-2.35   1.3 0.0696
-2.35   1.35    0.0434
-2.35   1.4 0.0126
-2.35   1.55    0.0011
-2.35   2.55    0.0014
-2.35   2.6 0.002
-2.35   2.65    0.0015
-2.3    -1.4    0.0074
-2.3    -1.35   0.0244
-2.3    -1.3    0.0399
-2.3    -1.25   0.034
-2.3    -1.2    0.0131
-2.3    -1.1    0.0021
-2.3    -1.05   0.0036
-2.3    -0.9    0.0026
-2.3    -0.85   0.0012
-2.3    -0.75   0.0016
-2.3    -0.7    0.0013
-2.3    -0.6    0.0018
-2.3    -0.55   0.0025
-2.3    -0.45   0.0016
-2.3    -0.4    0.004
-2.3    -0.35   0.0012
-2.3    -0.3    0.0017
-2.3    -0.25   0.0096
-2.3    -0.2    0.006
-2.3    -0.15   0.0031
-2.3    -0.1    0.0606
-2.3    -0.05   0.1724
-2.3    0   0.2349
-2.3    0.05    0.1708
-2.3    0.1 0.0577
-2.3    0.15    0.0025
-2.3    0.2 0.0058
-2.3    0.25    0.0093
-2.3    0.3 0.0017
-2.3    0.35    0.0011
-2.3    0.4 0.0042
-2.3    0.45    0.0021
-2.3    0.55    0.0016
-2.3    0.6 0.0013
-2.3    0.7 0.0012
-2.3    0.75    0.0016
-2.3    0.9 0.0017
-2.3    1.05    0.0025
-2.3    1.1 0.0015
-2.3    1.2 0.0087
-2.3    1.25    0.0233
-2.3    1.3 0.0269
-2.3    1.35    0.0169
-2.3    1.4 0.005
-2.25   -0.1    0.0017
-2.25   -0.05   0.0041
-2.25   0   0.0042
-2.25   0.05    0.0041
-2.25   0.1 0.0013
-2.2    -1.4    0.0032
-2.2    -1.35   0.0107
-2.2    -1.3    0.0169
-2.2    -1.25   0.0143
-2.2    -1.2    0.005
-2.2    -1.1    0.0011
-2.2    -1.05   0.0017
-2.2    -0.9    0.001
-2.2    -0.6    0.0015
-2.2    -0.55   0.0017
-2.2    -0.4    0.0021
-2.2    -0.25   0.0049
-2.2    -0.2    0.0036
-2.2    -0.1    0.0236
-2.2    -0.05   0.0682
-2.2    0   0.0948
-2.2    0.05    0.0697
-2.2    0.1 0.022
-2.2    0.2 0.0029
-2.2    0.25    0.0044
-2.2    0.4 0.0016
-2.2    0.75    0.001
-2.2    1.05    0.0012
-2.2    1.2 0.0032
-2.2    1.25    0.009
-2.2    1.3 0.0106
-2.2    1.35    0.0064
-2.2    1.4 0.0019
-2.15   -1.4    0.0066
-2.15   -1.35   0.0248
-2.15   -1.3    0.0409
-2.15   -1.25   0.0354
-2.15   -1.2    0.0136
-2.15   -1.1    0.0023
-2.15   -1.05   0.0039
-2.15   -0.9    0.0025
-2.15   -0.85   0.0012
-2.15   -0.75   0.0014
-2.15   -0.6    0.0028
-2.15   -0.55   0.0034
-2.15   -0.45   0.0017
-2.15   -0.4    0.0045
-2.15   -0.35   0.0013
-2.15   -0.3    0.0019
-2.15   -0.25   0.0111
-2.15   -0.2    0.0076
-2.15   -0.15   0.0021
-2.15   -0.1    0.0538
-2.15   -0.05   0.1643
-2.15   0   0.2241
-2.15   0.05    0.1648
-2.15   0.1 0.0558
-2.15   0.15    0.003
-2.15   0.2 0.0061
-2.15   0.25    0.0097
-2.15   0.3 0.0019
-2.15   0.4 0.0039
-2.15   0.45    0.0018
-2.15   0.55    0.0014
-2.15   0.7 0.0018
-2.15   0.75    0.002
-2.15   0.9 0.0017
-2.15   1.05    0.0027
-2.15   1.1 0.0017
-2.15   1.2 0.0079
-2.15   1.25    0.0211
-2.15   1.3 0.0249
-2.15   1.35    0.0156
-2.15   1.4 0.0045
-2.1    -1.4    0.0085
-2.1    -1.35   0.0235
-2.1    -1.3    0.0332
-2.1    -1.25   0.0267
-2.1    -1.2    0.0106
-2.1    -1.1    0.0016
-2.1    -1.05   0.0029
-2.1    -0.9    0.002
-2.1    -0.85   0.0011
-2.1    -0.75   0.001
-2.1    -0.6    0.0016
-2.1    -0.55   0.0022
-2.1    -0.45   0.0011
-2.1    -0.4    0.0031
-2.1    -0.3    0.0017
-2.1    -0.25   0.0084
-2.1    -0.2    0.0056
-2.1    -0.15   0.0021
-2.1    -0.1    0.0427
-2.1    -0.05   0.1272
-2.1    0   0.1745
-2.1    0.05    0.13
-2.1    0.1 0.0451
-2.1    0.15    0.0021
-2.1    0.2 0.0042
-2.1    0.25    0.007
-2.1    0.3 0.0014
-2.1    0.4 0.003
-2.1    0.45    0.0015
-2.1    0.7 0.0011
-2.1    0.75    0.0013
-2.1    0.9 0.0012
-2.1    1.05    0.002
-2.1    1.1 0.0012
-2.1    1.2 0.0059
-2.1    1.25    0.016
-2.1    1.3 0.0189
-2.1    1.35    0.0119
-2.1    1.4 0.0036
-2.05   -1.35   0.0013
-2.05   -1.3    0.0091
-2.05   -1.25   0.0117
-2.05   -1.2    0.0052
-2.05   -0.25   0.0015
-2.05   -0.1    0.0074
-2.05   -0.05   0.0238
-2.05   0   0.0338
-2.05   0.05    0.0263
-2.05   0.1 0.0102
-2.05   0.15    0.001
-2.05   0.25    0.0013
-2.05   1.2 0.001
-2.05   1.25    0.0029
-2.05   1.3 0.0036
-2.05   1.35    0.0025
-2  -1.35   0.0035
-2  -1.3    0.0072
-2  -0.1    0.0045
-2  -0.05   0.0127
-2  0   0.016
-2  0.05    0.0101
-2  0.1 0.0027
-2  1.25    0.0017
-2  1.3 0.0018
-1.95   -1.4    0.0558
-1.95   -1.35   0.0637
-1.95   -1.3    0.0155
-1.95   -1.25   0.0062
-1.95   -1.2    0.0021
-1.95   -1.1    0.0021
-1.95   -1.05   0.0018
-1.95   -0.75   0.0016
-1.95   -0.7    0.001
-1.95   -0.6    0.0026
-1.95   -0.55   0.0024
-1.95   -0.45   0.0013
-1.95   -0.4    0.0031
-1.95   -0.3    0.0013
-1.95   -0.25   0.0071
-1.95   -0.2    0.0042
-1.95   -0.15   0.0016
-1.95   -0.1    0.0355
-1.95   -0.05   0.1005
-1.95   0   0.1332
-1.95   0.05    0.0936
-1.95   0.1 0.0306
-1.95   0.15    0.0015
-1.95   0.2 0.004
-1.95   0.25    0.0056
-1.95   0.4 0.0021
-1.95   0.7 0.0015
-1.95   0.75    0.0014
-1.95   0.9 0.0012
-1.95   1.05    0.0016
-1.95   1.2 0.0052
-1.95   1.25    0.0129
-1.95   1.3 0.0148
-1.95   1.35    0.0089
-1.95   1.4 0.0024
-1.9    -1.4    0.0011
-1.9    -1.35   0.0061
-1.9    -1.3    0.0201
-1.9    -1.25   0.0471
-1.9    -1.2    0.1427
-1.9    -1.15   0.0038
-1.9    -1.1    0.0018
-1.9    -1.05   0.0014
-1.9    -0.9    0.0014
-1.9    -0.85   0.002
-1.9    -0.55   0.0022
-1.9    -0.45   0.0045
-1.9    -0.4    0.0062
-1.9    -0.35   0.001
-1.9    -0.3    0.0023
-1.9    -0.25   0.0107
-1.9    -0.2    0.0066
-1.9    -0.15   0.0037
-1.9    -0.1    0.0652
-1.9    -0.05   0.1897
-1.9    0   0.2512
-1.9    0.05    0.1772
-1.9    0.1 0.058
-1.9    0.15    0.0025
-1.9    0.2 0.0059
-1.9    0.25    0.009
-1.9    0.3 0.0018
-1.9    0.4 0.0033
-1.9    0.45    0.0016
-1.9    0.55    0.001
-1.9    0.7 0.0021
-1.9    0.75    0.0019
-1.9    0.9 0.0018
-1.9    1.05    0.0028
-1.9    1.1 0.0015
-1.9    1.2 0.009
-1.9    1.25    0.0225
-1.9    1.3 0.0257
-1.9    1.35    0.0157
-1.9    1.4 0.0044
-1.85   -1.35   0.0013
-1.85   -1.3    0.0025
-1.85   -1.25   0.0029
-1.85   -1.2    0.0016
-1.85   -1.05   0.0036
-1.85   -1  0.0104
-1.85   -0.95   0.0034
-1.85   -0.9    0.0029
-1.85   -0.6    0.0065
-1.85   -0.55   0.0011
-1.85   -0.3    0.0013
-1.85   -0.25   0.0227
-1.85   -0.2    0.0246
-1.85   -0.15   0.0036
-1.85   -0.1    0.0454
-1.85   -0.05   0.1296
-1.85   0   0.1886
-1.85   0.05    0.1492
-1.85   0.1 0.0549
-1.85   0.15    0.0037
-1.85   0.2 0.0049
-1.85   0.25    0.0087
-1.85   0.3 0.0021
-1.85   0.4 0.0029
-1.85   0.45    0.0016
-1.85   0.7 0.0014
-1.85   0.75    0.0012
-1.85   0.9 0.0014
-1.85   1.05    0.0024
-1.85   1.1 0.0013
-1.85   1.2 0.0081
-1.85   1.25    0.0203
-1.85   1.3 0.0235
-1.85   1.35    0.0146
-1.85   1.4 0.0044
-1.8    -0.75   0.0021
-1.8    -0.4    0.0027
-1.8    -0.25   0.0013
-1.8    -0.1    0.0077
-1.8    -0.05   0.0371
-1.8    0   0.1401
-1.8    0.05    0.156
-1.8    0.1 0.0389
-1.8    0.15    0.0013
-1.8    0.2 0.0014
-1.8    0.25    0.0036
-1.8    0.3 0.0012
-1.8    0.4 0.0013
-1.8    0.45    0.0011
-1.8    1.05    0.0013
-1.8    1.2 0.0042
-1.8    1.25    0.0104
-1.8    1.3 0.012
-1.8    1.35    0.0078
-1.8    1.4 0.0024
-1.75   -0.55   0.0023
-1.75   -0.15   0.0025
-1.75   -0.1    0.0223
-1.75   -0.05   0.0106
-1.75   0   0.0075
-1.75   0.05    0.0041
-1.75   0.1 0.0016
-1.75   0.25    0.0021
-1.75   0.3 0.002
-1.75   1.2 0.0012
-1.75   1.25    0.0029
-1.75   1.3 0.0033
-1.75   1.35    0.0022
-1.7    -0.35   0.0021
-1.7    0   0.0014
-1.7    0.05    0.005
-1.7    0.1 0.0058
-1.7    0.55    0.0014
-1.65   -0.1    0.0017
-1.65   -0.05   0.0015
-1.6    0   0.0012
-1.6    0.05    0.0027
-1.6    0.1 0.0043
-1.6    0.55    0.0024
-1.6    0.6 0.0042
-1.55   1.25    0.0024
-1.55   1.3 0.0044
-1.5    0.55    0.0013
-1.5    1.05    0.0017
-1.45   0.75    0.0033
-1.45   1.25    0.006
-1.45   1.3 0.0126
-1.45   1.35    0.0023
-1.1    -0.1    0.0022
-1.1    -0.05   0.1462
-1.1    0   0.5335
-1.1    0.05    0.0383
-1.1    0.1 0.011
-1.1    0.5 0.0014
-1.1    0.55    0.0016
-1.1    0.6 0.0021
-1.1    0.65    0.0042
-1.05   -0.25   0.0362
-1.05   -0.2    0.001
-1.05   0.9 0.0033
-1  1.1 0.0011
-0.95   1.35    0.0015
-0.9    -0.55   0.0013
-0.85   -0.6    0.0073