0.15	0	0.0023
0.2	-0.05	0.002
0.2	0	0.0027
0.25	0	0.0021
0.3	-1	0.0048
0.6	-0.85	0.0093
0.75	-0.75	0.0196
0.8	-0.7	0.0202
0.85	-0.7	0.002
0.85	-0.65	0.0632
0.9	-0.6	0.0046
0.9	-0.05	0.003
0.9	0	0.0041
0.9	0.05	0.003
0.95	-0.55	0.0102
0.95	-0.5	0.3279
0.95	-0.1	0.0026
0.95	-0.05	0.0077
0.95	0	0.0106
0.95	0.05	0.0076
0.95	0.1	0.0025
1	-0.5	0.0048
1	-0.45	0.042
1	-0.4	0.0028
1	-0.1	0.0045
1	-0.05	0.0133
1	0	0.0177
1	0.05	0.0128
1	0.1	0.0042
1.05	-0.4	0.0023
1.05	-0.35	1.0471
1.05	-0.3	0.0037
1.05	-0.25	0.0026
1.05	-0.1	0.0064
1.05	-0.05	0.0179
1.05	0	0.0233
1.05	0.05	0.0162
1.05	0.1	0.0053
1.1	-0.3	0.0024
1.1	-0.25	0.125
1.1	-0.2	0.0094
1.1	-0.1	0.0095
1.1	-0.05	0.0227
1.1	0	0.0264
1.1	0.05	0.0173
1.1	0.1	0.0053
1.15	-0.15	0.007
1.15	-0.1	0.9417
1.15	-0.05	0.0594
1.15	0	0.0383
1.15	0.05	0.0192
1.15	0.1	0.005
1.2	-0.05	0.004
1.2	0	0.0596
1.2	0.05	0.1836
1.2	0.1	0.0143
1.25	0	0.0026
1.25	0.05	0.0033
1.25	0.1	0.0025
1.25	0.2	0.009
1.25	0.25	0.0453
1.25	0.3	0.0027
1.3	0.5	0.019
1.3	0.55	0.0291
1.3	0.6	0.0125
1.35	0.75	0.0033
1.35	0.8	0.0033
1.35	0.9	0.0024
1.4	1.2	0.019
1.4	1.25	0.0829
1.4	1.3	0.2516
1.4	1.35	0.0256
1.45	-1.3	0.0065
1.45	-1.25	0.0084
1.45	-1.2	0.0077
1.5	-0.75	0.0061
1.55	-0.4	0.0048
1.55	-0.35	0.0026
1.55	-0.05	0.0026
1.55	0	0.0028
1.6	-1.35	0.0028
1.6	-1.3	0.0076
1.6	-1.25	0.0069
1.6	-1.2	0.0028
1.6	-0.1	0.0054
1.6	-0.05	0.0221
1.6	0	0.1785
1.6	0.05	0.074
1.6	0.1	0.0295
1.7	-0.05	0.0113
1.7	0	0.0109
1.7	0.05	0.0022
1.75	1.3	0.0021
1.75	1.35	0.0038
1.8	-0.05	0.007
1.8	0	0.014
1.8	0.05	0.0134
1.8	0.1	0.0038
1.85	-0.1	0.0021
1.85	-0.05	0.005
1.85	0	0.0059
1.85	0.05	0.0037
1.9	-0.05	0.0048
1.9	0	0.0062
1.9	0.05	0.0042
1.95	-1.3	0.002
1.95	-0.1	0.0039
1.95	-0.05	0.0123
1.95	0	0.0165
1.95	0.05	0.0114
1.95	0.1	0.0033
2	-1.35	0.0022
2	-1.3	0.0036
2	-1.25	0.0029
2	-0.1	0.0072
2	-0.05	0.0222
2	0	0.03
2	0.05	0.0211
2	0.1	0.0064
2	1.3	0.0025
2	1.35	0.0043
2	1.4	0.0024
2.05	-1.35	0.0022
2.05	-1.3	0.0035
2.05	-1.25	0.0029
2.05	-0.1	0.0073
2.05	-0.05	0.0222
2.05	0	0.0299
2.05	0.05	0.0212
2.05	0.1	0.0067
2.05	1.25	0.0052
2.05	1.3	0.0059
2.05	1.35	0.0041
2.1	-0.1	0.0041
2.1	-0.05	0.0118
2.1	0	0.016
2.1	0.05	0.0114
2.1	0.1	0.0037
2.1	1.25	0.002
2.1	1.3	0.0023
2.15	-0.05	0.0051
2.15	0	0.0067
2.15	0.05	0.0048
2.2	-0.1	0.003
2.2	-0.05	0.0079
2.2	0	0.0108
2.2	0.05	0.0079
2.2	0.1	0.0027
2.25	-1.3	0.0021
2.25	-0.1	0.0048
2.25	-0.05	0.0132
2.25	0	0.0174
2.25	0.05	0.0127
2.25	0.1	0.0043
2.25	1.25	0.0022
2.25	1.3	0.0025
2.3	-0.1	0.0043
2.3	-0.05	0.011
2.3	0	0.0144
2.3	0.05	0.0104
2.3	0.1	0.0036
2.3	1.3	0.0022
2.35	-0.05	0.0049
2.35	0	0.0061
2.35	0.05	0.0043
2.4	-0.05	0.0025
2.4	0	0.0035
2.4	0.05	0.0026
2.45	-0.05	0.0042
2.45	0	0.006
2.45	0.05	0.0046
2.5	-0.05	0.0044
2.5	0	0.0062
2.5	0.05	0.0047
2.55	-0.05	0.0025
2.55	0	0.0034
2.55	0.05	0.0026
2.75	-1.3	0.0028
2.75	-1.25	0.0023
2.75	-0.1	0.0055
2.75	-0.05	0.0172
2.75	0	0.0234
2.75	0.05	0.0165
2.75	0.1	0.0048
2.75	1.25	0.003
2.75	1.3	0.0035
2.75	1.35	0.0021
2.8	-1.35	0.0066
2.8	-1.3	0.0106
2.8	-1.25	0.0087
2.8	-1.2	0.0031
2.8	-0.4	0.0022
2.8	-0.25	0.0043
2.8	-0.2	0.0032
2.8	-0.1	0.0207
2.8	-0.05	0.0635
2.8	0	0.0865
2.8	0.05	0.0613
2.8	0.1	0.0195
2.8	0.2	0.0033
2.8	0.25	0.0043
2.8	1.2	0.004
2.8	1.25	0.0107
2.8	1.3	0.0126
2.8	1.35	0.0076
2.8	1.4	0.0021
2.85	-1.4	0.0036
2.85	-1.35	0.0128
2.85	-1.3	0.0207
2.85	-1.25	0.0174
2.85	-1.2	0.0063
2.85	-1.05	0.0022
2.85	-0.4	0.0038
2.85	-0.25	0.0078
2.85	-0.2	0.0056
2.85	-0.1	0.04
2.85	-0.05	0.1241
2.85	0	0.169
2.85	0.05	0.1229
2.85	0.1	0.0395
2.85	0.2	0.006
2.85	0.25	0.0082
2.85	0.4	0.0035
2.85	0.55	0.0023
2.85	0.9	0.002
2.85	1.05	0.0025
2.85	1.2	0.0078
2.85	1.25	0.021
2.85	1.3	0.0246
2.85	1.35	0.0152
2.85	1.4	0.0041
2.9	-1.4	0.0046
2.9	-1.35	0.0161
2.9	-1.3	0.0262
2.9	-1.25	0.022
2.9	-1.2	0.0082
2.9	-1.05	0.0027
2.9	-0.55	0.0026
2.9	-0.4	0.0044
2.9	-0.25	0.0092
2.9	-0.2	0.0066
2.9	-0.15	0.0021
2.9	-0.1	0.0514
2.9	-0.05	0.1552
2.9	0	0.2139
2.9	0.05	0.1547
2.9	0.1	0.0503
2.9	0.2	0.0071
2.9	0.25	0.0097
2.9	0.4	0.0041
2.9	0.55	0.0028
2.9	0.75	0.0022
2.9	0.9	0.0024
2.9	1.05	0.0031
2.9	1.1	0.002
2.9	1.2	0.01
2.9	1.25	0.0266
2.9	1.3	0.0311
2.9	1.35	0.0192
2.9	1.4	0.0053
2.95	-1.4	0.0036
2.95	-1.35	0.013
2.95	-1.3	0.021
2.95	-1.25	0.018
2.95	-1.2	0.0067
2.95	-1.05	0.0021
2.95	-0.55	0.0025
2.95	-0.4	0.0032
2.95	-0.25	0.0072
2.95	-0.2	0.005
2.95	-0.1	0.0414
2.95	-0.05	0.1256
2.95	0	0.1723
2.95	0.05	0.126
2.95	0.1	0.0416
2.95	0.15	0.002
2.95	0.2	0.0053
2.95	0.25	0.0077
2.95	0.4	0.0032
2.95	0.55	0.002
2.95	0.75	0.0021
2.95	1.05	0.0024
2.95	1.2	0.0082
2.95	1.25	0.0214
2.95	1.3	0.0253
2.95	1.35	0.0157
2.95	1.4	0.0045
3	-1.35	0.0061
3	-1.3	0.0099
3	-1.25	0.0083
3	-1.2	0.0033
3	-0.25	0.0033
3	-0.2	0.0022
3	-0.1	0.0202
3	-0.05	0.0584
3	0	0.0801
3	0.05	0.0579
3	0.1	0.0193
3	0.2	0.0022
3	0.25	0.0034
3	1.2	0.0039
3	1.25	0.01
3	1.3	0.0117
3	1.35	0.0072
3	1.4	0.0021
3.05	-0.1	0.0032
3.05	-0.05	0.0088
3.05	0	0.0121
3.05	0.05	0.0091
3.05	0.1	0.003
3.1	-0.05	0.0022
3.1	0	0.0031
3.1	0.05	0.0023
3.15	-1.3	0.0027
3.15	-1.25	0.0023
3.15	-0.1	0.0052
3.15	-0.05	0.0159
3.15	0	0.0217
3.15	0.05	0.016
3.15	0.1	0.0052
3.15	1.25	0.0027
3.15	1.3	0.0032
3.2	-1.3	0.0031
3.2	-1.25	0.0026
3.2	-0.1	0.006
3.2	-0.05	0.0181
3.2	0	0.0247
3.2	0.05	0.0182
3.2	0.1	0.0061
3.2	1.25	0.0031
3.2	1.3	0.0036
3.2	1.35	0.0023
3.25	-0.1	0.0024
3.25	-0.05	0.0074
3.25	0	0.0098
3.25	0.05	0.0072
3.25	0.1	0.0026
3.35	-0.05	0.0021
3.35	0	0.0029
3.35	0.05	0.0021
3.4	-0.05	0.0035
3.4	0	0.0048
3.4	0.05	0.0034
3.45	0	0.0022
3.6	-1.35	0.0024
3.6	-1.3	0.0038
3.6	-1.25	0.0032
3.6	-0.1	0.0078
3.6	-0.05	0.0225
3.6	0	0.0296
3.6	0.05	0.0215
3.6	0.1	0.0078
3.6	1.25	0.0037
3.6	1.3	0.0043
3.6	1.35	0.0027
3.65	-1.4	0.0036
3.65	-1.35	0.0124
3.65	-1.3	0.0202
3.65	-1.25	0.0173
3.65	-1.2	0.0071
3.65	-0.4	0.003
3.65	-0.25	0.0077
3.65	-0.2	0.0044
3.65	-0.1	0.0399
3.65	-0.05	0.1164
3.65	0	0.1605
3.65	0.05	0.1174
3.65	0.1	0.0424
3.65	0.15	0.0025
3.65	0.2	0.004
3.65	0.25	0.007
3.65	0.4	0.0027
3.65	1.05	0.0025
3.65	1.2	0.0082
3.65	1.25	0.0199
3.65	1.3	0.0234
3.65	1.35	0.0145
3.65	1.4	0.0041
3.7	-1.4	0.0105
3.7	-1.35	0.0355
3.7	-1.3	0.0567
3.7	-1.25	0.0486
3.7	-1.2	0.0192
3.7	-1.1	0.0031
3.7	-1.05	0.0055
3.7	-0.9	0.0036
3.7	-0.6	0.0028
3.7	-0.55	0.0027
3.7	-0.45	0.0047
3.7	-0.4	0.0087
3.7	-0.3	0.0043
3.7	-0.25	0.0207
3.7	-0.2	0.0123
3.7	-0.15	0.0062
3.7	-0.1	0.1126
3.7	-0.05	0.3305
3.7	0	0.4494
3.7	0.05	0.3324
3.7	0.1	0.1132
3.7	0.15	0.0063
3.7	0.2	0.0117
3.7	0.25	0.0196
3.7	0.3	0.004
3.7	0.4	0.0078
3.7	0.45	0.0041
3.7	0.55	0.0022
3.7	0.7	0.0026
3.7	0.75	0.0023
3.7	0.85	0.0027
3.7	0.9	0.0046
3.7	1.05	0.0068
3.7	1.1	0.0038
3.7	1.2	0.0216
3.7	1.25	0.0565
3.7	1.3	0.0653
3.7	1.35	0.0408
3.7	1.4	0.012
3.75	-2.65	0.0024
3.75	-2.6	0.0032
3.75	-2.55	0.0023
3.75	-1.4	0.0185
3.75	-1.35	0.0637
3.75	-1.3	0.1019
3.75	-1.25	0.0874
3.75	-1.2	0.0343
3.75	-1.1	0.0057
3.75	-1.05	0.0098
3.75	-1	0.0021
3.75	-0.9	0.0067
3.75	-0.85	0.0032
3.75	-0.75	0.0041
3.75	-0.7	0.0034
3.75	-0.6	0.0047
3.75	-0.55	0.0052
3.75	-0.45	0.0079
3.75	-0.4	0.0156
3.75	-0.35	0.0034
3.75	-0.3	0.0074
3.75	-0.25	0.0356
3.75	-0.2	0.0226
3.75	-0.15	0.0089
3.75	-0.1	0.2035
3.75	-0.05	0.5923
3.75	0	0.8123
3.75	0.05	0.5943
3.75	0.1	0.2063
3.75	0.15	0.01
3.75	0.2	0.0216
3.75	0.25	0.0344
3.75	0.3	0.0073
3.75	0.35	0.0034
3.75	0.4	0.0145
3.75	0.45	0.0065
3.75	0.55	0.0058
3.75	0.6	0.0044
3.75	0.7	0.0042
3.75	0.75	0.0044
3.75	0.85	0.0045
3.75	0.9	0.0083
3.75	1	0.0026
3.75	1.05	0.0118
3.75	1.1	0.0069
3.75	1.2	0.0392
3.75	1.25	0.1003
3.75	1.3	0.1177
3.75	1.35	0.0729
3.75	1.4	0.0219
3.8	-2.65	0.0029
3.8	-2.6	0.0039
3.8	-2.55	0.0027
3.8	-1.4	0.0224
3.8	-1.35	0.0775
3.8	-1.3	0.1238
3.8	-1.25	0.1059
3.8	-1.2	0.0411
3.8	-1.1	0.0069
3.8	-1.05	0.0118
3.8	-1	0.0022
3.8	-0.95	0.002
3.8	-0.9	0.008
3.8	-0.85	0.0037
3.8	-0.75	0.006
3.8	-0.7	0.005
3.8	-0.6	0.0055
3.8	-0.55	0.0065
3.8	-0.45	0.0092
3.8	-0.4	0.0187
3.8	-0.35	0.0047
3.8	-0.3	0.0085
3.8	-0.25	0.0441
3.8	-0.2	0.0273
3.8	-0.15	0.0135
3.8	-0.1	0.243
3.8	-0.05	0.7246
3.8	0	0.9834
3.8	0.05	0.7231
3.8	0.1	0.2435
3.8	0.15	0.0132
3.8	0.2	0.0259
3.8	0.25	0.0418
3.8	0.3	0.0077
3.8	0.35	0.0047
3.8	0.4	0.0175
3.8	0.45	0.0076
3.8	0.55	0.0083
3.8	0.6	0.0065
3.8	0.7	0.0048
3.8	0.75	0.0055
3.8	0.85	0.0053
3.8	0.9	0.0098
3.8	0.95	0.0024
3.8	1	0.0028
3.8	1.05	0.0143
3.8	1.1	0.0084
3.8	1.15	0.0024
3.8	1.2	0.0471
3.8	1.25	0.1224
3.8	1.3	0.1428
3.8	1.35	0.0894
3.8	1.4	0.0257
3.8	1.55	0.0022
3.85	-2.65	0.0023
3.85	-2.6	0.0032
3.85	-2.55	0.0022
3.85	-1.4	0.0184
3.85	-1.35	0.0629
3.85	-1.3	0.1011
3.85	-1.25	0.0864
3.85	-1.2	0.0337
3.85	-1.1	0.0056
3.85	-1.05	0.0094
3.85	-0.9	0.0067
3.85	-0.85	0.0029
3.85	-0.75	0.0055
3.85	-0.7	0.0046
3.85	-0.6	0.0041
3.85	-0.55	0.0055
3.85	-0.45	0.0071
3.85	-0.4	0.0148
3.85	-0.35	0.0034
3.85	-0.3	0.0072
3.85	-0.25	0.0351
3.85	-0.2	0.0224
3.85	-0.15	0.0086
3.85	-0.1	0.2012
3.85	-0.05	0.5866
3.85	0	0.807
3.85	0.05	0.5896
3.85	0.1	0.2022
3.85	0.15	0.0093
3.85	0.2	0.0213
3.85	0.25	0.0328
3.85	0.3	0.0063
3.85	0.35	0.0038
3.85	0.4	0.0145
3.85	0.45	0.006
3.85	0.55	0.0077
3.85	0.6	0.006
3.85	0.7	0.0036
3.85	0.75	0.0045
3.85	0.85	0.004
3.85	0.9	0.008
3.85	1	0.0024
3.85	1.05	0.0116
3.85	1.1	0.0068
3.85	1.2	0.0385
3.85	1.25	0.0995
3.85	1.3	0.1167
3.85	1.35	0.073
3.85	1.4	0.0213
3.9	-1.4	0.0085
3.9	-1.35	0.0294
3.9	-1.3	0.0465
3.9	-1.25	0.0401
3.9	-1.2	0.0154
3.9	-1.1	0.0024
3.9	-1.05	0.0042
3.9	-0.9	0.003
3.9	-0.75	0.0028
3.9	-0.7	0.0024
3.9	-0.55	0.0024
3.9	-0.45	0.0032
3.9	-0.4	0.0065
3.9	-0.3	0.0032
3.9	-0.25	0.0165
3.9	-0.2	0.0097
3.9	-0.15	0.0058
3.9	-0.1	0.0915
3.9	-0.05	0.2705
3.9	0	0.3682
3.9	0.05	0.2687
3.9	0.1	0.0905
3.9	0.15	0.0053
3.9	0.2	0.0091
3.9	0.25	0.0148
3.9	0.3	0.0024
3.9	0.35	0.0021
3.9	0.4	0.0067
3.9	0.45	0.0026
3.9	0.55	0.0039
3.9	0.6	0.0031
3.9	0.9	0.0034
3.9	1.05	0.0053
3.9	1.1	0.003
3.9	1.2	0.0177
3.9	1.25	0.0457
3.9	1.3	0.0534
3.9	1.35	0.0333
3.9	1.4	0.0096
3.95	-1.35	0.0035
3.95	-1.3	0.0055
3.95	-1.25	0.0045
3.95	-0.1	0.0108
3.95	-0.05	0.0321
3.95	0	0.0436
3.95	0.05	0.0306
3.95	0.1	0.0106
3.95	1.2	0.0021
3.95	1.25	0.0055
3.95	1.3	0.0064
3.95	1.35	0.0039
4	-1.35	0.0032
4	-1.3	0.005
4	-1.25	0.0042
4	-0.1	0.009
4	-0.05	0.0279
4	0	0.0393
4	0.05	0.0287
4	0.1	0.0097
4	0.25	0.002
4	1.25	0.0047
4	1.3	0.0057
4	1.35	0.0036
4.05	-1.4	0.0047
4.05	-1.35	0.0167
4.05	-1.3	0.0269
4.05	-1.25	0.0229
4.05	-1.2	0.009
4.05	-1.05	0.0027
4.05	-0.55	0.0022
4.05	-0.4	0.004
4.05	-0.25	0.009
4.05	-0.2	0.0062
4.05	-0.15	0.0023
4.05	-0.1	0.051
4.05	-0.05	0.1541
4.05	0	0.213
4.05	0.05	0.1557
4.05	0.1	0.0535
4.05	0.15	0.0022
4.05	0.2	0.0063
4.05	0.25	0.0095
4.05	0.4	0.0039
4.05	0.55	0.0021
4.05	0.9	0.0021
4.05	1.05	0.003
4.05	1.2	0.0098
4.05	1.25	0.0261
4.05	1.3	0.0308
4.05	1.35	0.0192
4.05	1.4	0.0056
4.1	-1.4	0.0056
4.1	-1.35	0.0201
4.1	-1.3	0.0324
4.1	-1.25	0.0276
4.1	-1.2	0.0105
4.1	-1.05	0.0031
4.1	-0.9	0.0022
4.1	-0.55	0.0024
4.1	-0.4	0.0045
4.1	-0.25	0.0111
4.1	-0.2	0.0073
4.1	-0.15	0.0025
4.1	-0.1	0.0616
4.1	-0.05	0.1855
4.1	0	0.2557
4.1	0.05	0.1877
4.1	0.1	0.0626
4.1	0.15	0.0033
4.1	0.2	0.0072
4.1	0.25	0.0112
4.1	0.4	0.0048
4.1	0.55	0.0028
4.1	0.6	0.0021
4.1	0.9	0.0024
4.1	1.05	0.0036
4.1	1.1	0.0023
4.1	1.2	0.012
4.1	1.25	0.0314
4.1	1.3	0.0371
4.1	1.35	0.0231
4.1	1.4	0.0067
4.15	-1.4	0.0022
4.15	-1.35	0.0083
4.15	-1.3	0.0134
4.15	-1.25	0.0115
4.15	-1.2	0.0045
4.15	-0.25	0.0046
4.15	-0.2	0.0031
4.15	-0.1	0.0269
4.15	-0.05	0.0769
4.15	0	0.1053
4.15	0.05	0.0755
4.15	0.1	0.0266
4.15	0.2	0.003
4.15	0.25	0.0042
4.15	0.4	0.0021
4.15	1.2	0.0048
4.15	1.25	0.013
4.15	1.3	0.0153
4.15	1.35	0.0093
4.15	1.4	0.0028
4.2	0	0.0027
4.25	-1.4	0.0029
4.25	-1.35	0.0102
4.25	-1.3	0.0167
4.25	-1.25	0.0141
4.25	-1.2	0.0055
4.25	-0.4	0.0025
4.25	-0.25	0.0055
4.25	-0.2	0.0037
4.25	-0.1	0.0317
4.25	-0.05	0.0944
4.25	0	0.1308
4.25	0.05	0.0961
4.25	0.1	0.0321
4.25	0.2	0.0037
4.25	0.25	0.006
4.25	0.4	0.002
4.25	1.2	0.0061
4.25	1.25	0.016
4.25	1.3	0.0188
4.25	1.35	0.0116
4.25	1.4	0.0034
4.3	-1.4	0.0073
4.3	-1.35	0.0257
4.3	-1.3	0.0413
4.3	-1.25	0.0357
4.3	-1.2	0.0136
4.3	-1.1	0.0025
4.3	-1.05	0.0042
4.3	-0.9	0.0025
4.3	-0.75	0.0025
4.3	-0.6	0.0023
4.3	-0.55	0.0031
4.3	-0.45	0.0024
4.3	-0.4	0.0059
4.3	-0.3	0.0025
4.3	-0.25	0.0142
4.3	-0.2	0.0094
4.3	-0.15	0.0034
4.3	-0.1	0.0793
4.3	-0.05	0.2369
4.3	0	0.3254
4.3	0.05	0.2409
4.3	0.1	0.0805
4.3	0.15	0.0038
4.3	0.2	0.0092
4.3	0.25	0.0148
4.3	0.3	0.003
4.3	0.4	0.0054
4.3	0.45	0.002
4.3	0.55	0.0035
4.3	0.6	0.0025
4.3	0.75	0.0025
4.3	0.9	0.0031
4.3	1.05	0.0046
4.3	1.1	0.0028
4.3	1.2	0.0154
4.3	1.25	0.0399
4.3	1.3	0.0472
4.3	1.35	0.0295
4.3	1.4	0.0085
4.35	-1.4	0.0066
4.35	-1.35	0.0225
4.35	-1.3	0.0368
4.35	-1.25	0.0313
4.35	-1.2	0.012
4.35	-1.1	0.0022
4.35	-1.05	0.0036
4.35	-0.9	0.0021
4.35	-0.75	0.0027
4.35	-0.7	0.0021
4.35	-0.55	0.0027
4.35	-0.45	0.002
4.35	-0.4	0.0051
4.35	-0.3	0.0024
4.35	-0.25	0.0128
4.35	-0.2	0.0084
4.35	-0.15	0.0034
4.35	-0.1	0.0708
4.35	-0.05	0.2095
4.35	0	0.2878
4.35	0.05	0.2116
4.35	0.1	0.0708
4.35	0.15	0.0024
4.35	0.2	0.0082
4.35	0.25	0.0125
4.35	0.3	0.0023
4.35	0.4	0.0046
4.35	0.55	0.0038
4.35	0.6	0.0027
4.35	0.75	0.0022
4.35	0.9	0.0026
4.35	1.05	0.0042
4.35	1.1	0.0026
4.35	1.2	0.0132
4.35	1.25	0.0356
4.35	1.3	0.0416
4.35	1.35	0.0261
4.35	1.4	0.0075
4.4	-1.35	0.004
4.4	-1.3	0.0064
4.4	-1.25	0.0056
4.4	-1.2	0.002
4.4	-0.25	0.0024
4.4	-0.1	0.013
4.4	-0.05	0.0383
4.4	0	0.0507
4.4	0.05	0.0371
4.4	0.1	0.0115
4.4	0.25	0.0021
4.4	1.2	0.0026
4.4	1.25	0.0062
4.4	1.3	0.0073
4.4	1.35	0.0046
4.45	-1.4	0.0027
4.45	-1.35	0.0081
4.45	-1.3	0.0125
4.45	-1.25	0.0111
4.45	-1.2	0.0041
4.45	-0.25	0.004
4.45	-0.2	0.0025
4.45	-0.1	0.0278
4.45	-0.05	0.0716
4.45	0	0.0966
4.45	0.05	0.075
4.45	0.1	0.0247
4.45	0.2	0.0029
4.45	0.25	0.005
4.45	0.4	0.0024
4.45	1.2	0.0044
4.45	1.25	0.0123
4.45	1.3	0.014
4.45	1.35	0.0089
4.45	1.4	0.0028
4.5	-2.65	0.0026
4.5	-2.6	0.0035
4.5	-2.55	0.0025
4.5	-1.4	0.0192
4.5	-1.35	0.0677
4.5	-1.3	0.1095
4.5	-1.25	0.0943
4.5	-1.2	0.0358
4.5	-1.1	0.007
4.5	-1.05	0.0117
4.5	-1	0.0022
4.5	-0.9	0.0082
4.5	-0.85	0.0044
4.5	-0.75	0.0051
4.5	-0.7	0.0049
4.5	-0.6	0.0055
4.5	-0.55	0.0067
4.5	-0.45	0.0066
4.5	-0.4	0.0151
4.5	-0.35	0.0041
4.5	-0.3	0.0066
4.5	-0.25	0.0362
4.5	-0.2	0.0236
4.5	-0.15	0.008
4.5	-0.1	0.2116
4.5	-0.05	0.6264
4.5	0	0.855
4.5	0.05	0.6361
4.5	0.1	0.2178
4.5	0.15	0.0106
4.5	0.2	0.026
4.5	0.25	0.0403
4.5	0.3	0.0083
4.5	0.35	0.0043
4.5	0.4	0.0179
4.5	0.45	0.0088
4.5	0.55	0.0068
4.5	0.6	0.0062
4.5	0.7	0.0049
4.5	0.75	0.0056
4.5	0.85	0.0037
4.5	0.9	0.0079
4.5	0.95	0.002
4.5	1	0.0024
4.5	1.05	0.0118
4.5	1.1	0.0071
4.5	1.2	0.0415
4.5	1.25	0.1049
4.5	1.3	0.1239
4.5	1.35	0.0782
4.5	1.4	0.0219
4.5	1.55	0.0021
4.55	-2.7	0.0022
4.55	-2.65	0.0064
4.55	-2.6	0.0088
4.55	-2.55	0.0062
4.55	-1.55	0.0043
4.55	-1.5	0.0033
4.55	-1.45	0.0022
4.55	-1.4	0.0481
4.55	-1.35	0.169
4.55	-1.3	0.2728
4.55	-1.25	0.2322
4.55	-1.2	0.0896
4.55	-1.15	0.0031
4.55	-1.1	0.0167
4.55	-1.05	0.028
4.55	-1	0.0057
4.55	-0.95	0.0046
4.55	-0.9	0.0196
4.55	-0.85	0.0103
4.55	-0.75	0.0137
4.55	-0.7	0.0123
4.55	-0.6	0.0124
4.55	-0.55	0.0167
4.55	-0.45	0.0159
4.55	-0.4	0.0373
4.55	-0.35	0.0099
4.55	-0.3	0.0177
4.55	-0.25	0.0931
4.55	-0.2	0.0599
4.55	-0.15	0.0267
4.55	-0.1	0.5119
4.55	-0.05	1.5535
4.55	0	2.1284
4.55	0.05	1.5526
4.55	0.1	0.537
4.55	0.15	0.0227
4.55	0.2	0.0616
4.55	0.25	0.0975
4.55	0.3	0.0185
4.55	0.35	0.0106
4.55	0.4	0.0422
4.55	0.45	0.0208
4.55	0.55	0.0185
4.55	0.6	0.016
4.55	0.7	0.0109
4.55	0.75	0.0136
4.55	0.85	0.0088
4.55	0.9	0.0192
4.55	0.95	0.0051
4.55	1	0.0061
4.55	1.05	0.0306
4.55	1.1	0.0183
4.55	1.15	0.0052
4.55	1.2	0.0994
4.55	1.25	0.2615
4.55	1.3	0.3065
4.55	1.35	0.194
4.55	1.4	0.0551
4.55	1.45	0.0025
4.55	1.5	0.0038
4.55	1.55	0.0051
4.6	-2.7	0.0032
4.6	-2.65	0.0096
4.6	-2.6	0.0129
4.6	-2.55	0.0092
4.6	-2.5	0.0028
4.6	-1.55	0.0064
4.6	-1.5	0.0048
4.6	-1.45	0.003
4.6	-1.4	0.071
4.6	-1.35	0.2515
4.6	-1.3	0.4037
4.6	-1.25	0.3484
4.6	-1.2	0.1337
4.6	-1.15	0.0066
4.6	-1.1	0.0251
4.6	-1.05	0.0426
4.6	-1	0.0084
4.6	-0.95	0.0073
4.6	-0.9	0.0295
4.6	-0.85	0.0144
4.6	-0.75	0.021
4.6	-0.7	0.0199
4.6	-0.6	0.0168
4.6	-0.55	0.0243
4.6	-0.45	0.0232
4.6	-0.4	0.0531
4.6	-0.35	0.0132
4.6	-0.3	0.0264
4.6	-0.25	0.1376
4.6	-0.2	0.0902
4.6	-0.15	0.0272
4.6	-0.1	0.7686
4.6	-0.05	2.2965
4.6	0	3.1593
4.6	0.05	2.3308
4.6	0.1	0.7889
4.6	0.15	0.0373
4.6	0.2	0.0934
4.6	0.25	0.1461
4.6	0.3	0.0287
4.6	0.35	0.0159
4.6	0.4	0.0644
4.6	0.45	0.0291
4.6	0.5	0.0023
4.6	0.55	0.0287
4.6	0.6	0.0251
4.6	0.7	0.0145
4.6	0.75	0.02
4.6	0.85	0.013
4.6	0.9	0.0279
4.6	0.95	0.0065
4.6	1	0.0093
4.6	1.05	0.0447
4.6	1.1	0.0274
4.6	1.15	0.0053
4.6	1.2	0.1482
4.6	1.25	0.3868
4.6	1.3	0.4582
4.6	1.35	0.2853
4.6	1.4	0.0832
4.6	1.45	0.0034
4.6	1.5	0.0057
4.6	1.55	0.0075
4.65	-2.7	0.0034
4.65	-2.65	0.0099
4.65	-2.6	0.0135
4.65	-2.55	0.0095
4.65	-2.5	0.003
4.65	-1.55	0.0066
4.65	-1.5	0.005
4.65	-1.45	0.0035
4.65	-1.4	0.0746
4.65	-1.35	0.26
4.65	-1.3	0.4201
4.65	-1.25	0.3585
4.65	-1.2	0.139
4.65	-1.15	0.0043
4.65	-1.1	0.0263
4.65	-1.05	0.0433
4.65	-1	0.0087
4.65	-0.95	0.0074
4.65	-0.9	0.0302
4.65	-0.85	0.0149
4.65	-0.75	0.0231
4.65	-0.7	0.0215
4.65	-0.6	0.016
4.65	-0.55	0.0244
4.65	-0.5	0.0032
4.65	-0.45	0.0233
4.65	-0.4	0.0542
4.65	-0.35	0.0134
4.65	-0.3	0.0283
4.65	-0.25	0.1445
4.65	-0.2	0.0923
4.65	-0.15	0.0417
4.65	-0.1	0.7918
4.65	-0.05	2.3831
4.65	0	3.2604
4.65	0.05	2.4028
4.65	0.1	0.8111
4.65	0.15	0.0332
4.65	0.2	0.0975
4.65	0.25	0.1513
4.65	0.3	0.0279
4.65	0.35	0.017
4.65	0.4	0.0655
4.65	0.45	0.0302
4.65	0.55	0.0312
4.65	0.6	0.0275
4.65	0.7	0.0138
4.65	0.75	0.0197
4.65	0.8	0.0025
4.65	0.85	0.013
4.65	0.9	0.0281
4.65	0.95	0.0069
4.65	1	0.0095
4.65	1.05	0.0471
4.65	1.1	0.0281
4.65	1.15	0.0073
4.65	1.2	0.151
4.65	1.25	0.4004
4.65	1.3	0.4699
4.65	1.35	0.2962
4.65	1.4	0.0842
4.65	1.45	0.0038
4.65	1.5	0.0058
4.65	1.55	0.0079
4.7	-2.7	0.0025
4.7	-2.65	0.0074
4.7	-2.6	0.01
4.7	-2.55	0.0071
4.7	-2.5	0.0022
4.7	-1.55	0.0049
4.7	-1.5	0.0037
4.7	-1.45	0.0024
4.7	-1.4	0.0553
4.7	-1.35	0.1926
4.7	-1.3	0.3127
4.7	-1.25	0.2698
4.7	-1.2	0.1027
4.7	-1.15	0.0051
4.7	-1.1	0.0199
4.7	-1.05	0.0334
4.7	-1	0.0066
4.7	-0.95	0.0055
4.7	-0.9	0.0232
4.7	-0.85	0.011
4.7	-0.75	0.0181
4.7	-0.7	0.0178
4.7	-0.6	0.011
4.7	-0.55	0.018
4.7	-0.5	0.0024
4.7	-0.45	0.0172
4.7	-0.4	0.0386
4.7	-0.35	0.0094
4.7	-0.3	0.021
4.7	-0.25	0.1055
4.7	-0.2	0.07
4.7	-0.15	0.0194
4.7	-0.1	0.5939
4.7	-0.05	1.7695
4.7	0	2.4376
4.7	0.05	1.7964
4.7	0.1	0.6053
4.7	0.15	0.0303
4.7	0.2	0.0744
4.7	0.25	0.1146
4.7	0.3	0.0227
4.7	0.35	0.0127
4.7	0.4	0.0507
4.7	0.45	0.0223
4.7	0.55	0.0248
4.7	0.6	0.0224
4.7	0.7	0.0093
4.7	0.75	0.0148
4.7	0.8	0.0021
4.7	0.85	0.0098
4.7	0.9	0.0203
4.7	0.95	0.0046
4.7	1	0.0072
4.7	1.05	0.0342
4.7	1.1	0.0211
4.7	1.15	0.0044
4.7	1.2	0.1126
4.7	1.25	0.2969
4.7	1.3	0.353
4.7	1.35	0.2205
4.7	1.4	0.0647
4.7	1.45	0.0028
4.7	1.5	0.0045
4.7	1.55	0.0059
4.75	-2.65	0.0039
4.75	-2.6	0.0053
4.75	-2.55	0.0037
4.75	-1.55	0.0025
4.75	-1.4	0.0291
4.75	-1.35	0.1008
4.75	-1.3	0.1628
4.75	-1.25	0.1393
4.75	-1.2	0.0535
4.75	-1.1	0.0105
4.75	-1.05	0.0174
4.75	-1	0.0034
4.75	-0.95	0.0029
4.75	-0.9	0.012
4.75	-0.85	0.006
4.75	-0.75	0.0102
4.75	-0.7	0.0101
4.75	-0.6	0.0052
4.75	-0.55	0.0094
4.75	-0.5	0.0021
4.75	-0.45	0.0089
4.75	-0.4	0.0198
4.75	-0.35	0.0048
4.75	-0.3	0.0111
4.75	-0.25	0.0556
4.75	-0.2	0.0362
4.75	-0.15	0.0152
4.75	-0.1	0.299
4.75	-0.05	0.9225
4.75	0	1.2603
4.75	0.05	0.9297
4.75	0.1	0.311
4.75	0.15	0.0134
4.75	0.2	0.0388
4.75	0.25	0.06
4.75	0.3	0.0108
4.75	0.35	0.0063
4.75	0.4	0.0259
4.75	0.45	0.0118
4.75	0.55	0.0136
4.75	0.6	0.0128
4.75	0.7	0.0044
4.75	0.75	0.0075
4.75	0.85	0.0051
4.75	0.9	0.0102
4.75	0.95	0.0025
4.75	1	0.0037
4.75	1.05	0.018
4.75	1.1	0.0109
4.75	1.15	0.0028
4.75	1.2	0.0581
4.75	1.25	0.1539
4.75	1.3	0.1821
4.75	1.35	0.1153
4.75	1.4	0.0323
4.75	1.5	0.0023
4.75	1.55	0.0032
4.8	-1.4	0.0089
4.8	-1.35	0.0308
4.8	-1.3	0.0505
4.8	-1.25	0.0436
4.8	-1.2	0.0173
4.8	-1.1	0.0033
4.8	-1.05	0.0055
4.8	-0.9	0.0039
4.8	-0.75	0.0035
4.8	-0.7	0.0037
4.8	-0.55	0.0032
4.8	-0.45	0.003
4.8	-0.4	0.0057
4.8	-0.3	0.0033
4.8	-0.25	0.0165
4.8	-0.2	0.0103
4.8	-0.15	0.0037
4.8	-0.1	0.0939
4.8	-0.05	0.2835
4.8	0	0.3924
4.8	0.05	0.2874
4.8	0.1	0.0947
4.8	0.15	0.0047
4.8	0.2	0.0123
4.8	0.25	0.0188
4.8	0.3	0.0036
4.8	0.35	0.0021
4.8	0.4	0.0083
4.8	0.45	0.0038
4.8	0.55	0.0048
4.8	0.6	0.0046
4.8	0.75	0.0026
4.8	0.9	0.003
4.8	1.05	0.0053
4.8	1.1	0.0031
4.8	1.2	0.0193
4.8	1.25	0.048
4.8	1.3	0.0569
4.8	1.35	0.036
4.8	1.4	0.0099
4.85	-1.35	0.003
4.85	-1.3	0.0046
4.85	-1.25	0.004
4.85	-0.1	0.0099
4.85	-0.05	0.0268
4.85	0	0.0361
4.85	0.05	0.0298
4.85	0.1	0.0091
4.85	1.25	0.0045
4.85	1.3	0.0053
4.85	1.35	0.0036
4.9	-0.1	0.0026
4.9	-0.05	0.0088
4.9	0	0.0125
4.9	0.05	0.0092
4.9	0.1	0.0028
4.95	-1.35	0.0043
4.95	-1.3	0.007
4.95	-1.25	0.0059
4.95	-1.2	0.0023
4.95	-0.25	0.0029
4.95	-0.2	0.0021
4.95	-0.1	0.012
4.95	-0.05	0.0387
4.95	0	0.0538
4.95	0.05	0.04
4.95	0.1	0.0132
4.95	0.25	0.0028
4.95	1.2	0.0023
4.95	1.25	0.0064
4.95	1.3	0.0077
4.95	1.35	0.0049
5	-1.35	0.0036
5	-1.3	0.0059
5	-1.25	0.0051
5	-0.25	0.0023
5	-0.1	0.0101
5	-0.05	0.0325
5	0	0.046
5	0.05	0.0339
5	0.1	0.0114
5	0.25	0.0025
5	1.25	0.0054
5	1.3	0.0066
5	1.35	0.0042
5.05	-0.1	0.0027
5.05	-0.05	0.0096
5.05	0	0.0135
5.05	0.05	0.0102
5.05	0.1	0.0033
5.15	-0.05	0.0046
5.15	0	0.0061
5.15	0.05	0.0043
5.2	-0.1	0.0023
5.2	-0.05	0.0068
5.2	0	0.0093
5.2	0.05	0.0067
5.2	0.1	0.0022
5.25	-0.05	0.0033
5.25	0	0.0046
5.25	0.05	0.0033
5.4	0	0.0026
5.45	0	0.0021
5.65	0	0.0023
5.7	0	0.0021
6.35	0	0.0021
6.4	-0.05	0.0043
6.4	0	0.0059
6.4	0.05	0.0043
6.45	-0.1	0.0026
6.45	-0.05	0.0079
6.45	0	0.0109
6.45	0.05	0.0079
6.45	0.1	0.0026
6.5	-0.1	0.0033
6.5	-0.05	0.0101
6.5	0	0.0137
6.5	0.05	0.0101
6.5	0.1	0.0033
6.55	-0.1	0.003
6.55	-0.05	0.0088
6.55	0	0.0121
6.55	0.05	0.0088
6.55	0.1	0.003
6.6	-0.05	0.0047
6.6	0	0.0063
6.6	0.05	0.0046
6.8	0	0.0024
7.2	-0.05	0.0038
7.2	0	0.005
7.2	0.05	0.0037
7.25	-1.3	0.0032
7.25	-1.25	0.0027
7.25	-0.1	0.0059
7.25	-0.05	0.0174
7.25	0	0.0238
7.25	0.05	0.0173
7.25	0.1	0.0058
7.25	1.25	0.0029
7.25	1.3	0.0034
7.25	1.35	0.0021
7.3	-1.35	0.0056
7.3	-1.3	0.0088
7.3	-1.25	0.0076
7.3	-1.2	0.0029
7.3	-0.25	0.0029
7.3	-0.1	0.0163
7.3	-0.05	0.0479
7.3	0	0.0661
7.3	0.05	0.0483
7.3	0.1	0.016
7.3	0.2	0.0022
7.3	0.25	0.0035
7.3	1.2	0.0031
7.3	1.25	0.008
7.3	1.3	0.0094
7.3	1.35	0.0058
7.35	-1.4	0.003
7.35	-1.35	0.0102
7.35	-1.3	0.0164
7.35	-1.25	0.0139
7.35	-1.2	0.0053
7.35	-0.4	0.0023
7.35	-0.25	0.0055
7.35	-0.2	0.0035
7.35	-0.1	0.0302
7.35	-0.05	0.0895
7.35	0	0.122
7.35	0.05	0.0893
7.35	0.1	0.0298
7.35	0.2	0.004
7.35	0.25	0.0063
7.35	0.4	0.0021
7.35	1.2	0.0056
7.35	1.25	0.0147
7.35	1.3	0.0172
7.35	1.35	0.0108
7.35	1.4	0.003
7.4	-1.4	0.0038
7.4	-1.35	0.013
7.4	-1.3	0.0209
7.4	-1.25	0.0179
7.4	-1.2	0.0067
7.4	-1.05	0.0024
7.4	-0.4	0.0029
7.4	-0.25	0.0069
7.4	-0.2	0.0045
7.4	-0.1	0.0386
7.4	-0.05	0.1139
7.4	0	0.1566
7.4	0.05	0.1141
7.4	0.1	0.0384
7.4	0.2	0.0051
7.4	0.25	0.0079
7.4	0.4	0.0027
7.4	1.05	0.0022
7.4	1.2	0.0072
7.4	1.25	0.0187
7.4	1.3	0.0222
7.4	1.35	0.0137
7.4	1.4	0.0039
7.45	-1.4	0.0033
7.45	-1.35	0.0112
7.45	-1.3	0.0179
7.45	-1.25	0.0153
7.45	-1.2	0.0058
7.45	-1.05	0.002
7.45	-0.4	0.0025
7.45	-0.25	0.006
7.45	-0.2	0.0038
7.45	-0.1	0.0328
7.45	-0.05	0.0977
7.45	0	0.1331
7.45	0.05	0.0979
7.45	0.1	0.0322
7.45	0.2	0.0043
7.45	0.25	0.0067
7.45	0.4	0.0022
7.45	1.2	0.0061
7.45	1.25	0.0159
7.45	1.3	0.0187
7.45	1.35	0.0118
7.45	1.4	0.0033
7.5	-1.35	0.0054
7.5	-1.3	0.0088
7.5	-1.25	0.0075
7.5	-1.2	0.0029
7.5	-0.25	0.0029
7.5	-0.1	0.0155
7.5	-0.05	0.0476
7.5	0	0.0655
7.5	0.05	0.0476
7.5	0.1	0.0164
7.5	0.2	0.0022
7.5	0.25	0.0033
7.5	1.2	0.0031
7.5	1.25	0.0078
7.5	1.3	0.0092
7.5	1.35	0.0058
7.55	-0.1	0.0022
7.55	-0.05	0.0061
7.55	0	0.0087
7.55	0.05	0.006
7.55	0.1	0.002
7.6	-0.05	0.0048
7.6	0	0.0068
7.6	0.05	0.0048
7.65	-1.35	0.0034
7.65	-1.3	0.0055
7.65	-1.25	0.0047
7.65	-0.1	0.0099
7.65	-0.05	0.0297
7.65	0	0.0406
7.65	0.05	0.0299
7.65	0.1	0.0098
7.65	1.25	0.0049
7.65	1.3	0.0057
7.65	1.35	0.0036
7.7	-1.35	0.0045
7.7	-1.3	0.0072
7.7	-1.25	0.0061
7.7	-1.2	0.0023
7.7	-0.25	0.0024
7.7	-0.1	0.0131
7.7	-0.05	0.0384
7.7	0	0.0532
7.7	0.05	0.0387
7.7	0.1	0.0129
7.7	0.25	0.0024
7.7	1.2	0.0024
7.7	1.25	0.0063
7.7	1.3	0.0074
7.7	1.35	0.0046
7.75	-1.3	0.0032
7.75	-1.25	0.0027
7.75	-0.1	0.0057
7.75	-0.05	0.0173
7.75	0	0.0234
7.75	0.05	0.0172
7.75	0.1	0.0056
7.75	1.25	0.0028
7.75	1.3	0.0033
7.75	1.35	0.0021
7.85	-1.35	0.0026
7.85	-1.3	0.004
7.85	-1.25	0.0034
7.85	-0.1	0.0071
7.85	-0.05	0.0221
7.85	0	0.0297
7.85	0.05	0.0218
7.85	0.1	0.0072
7.85	1.25	0.0036
7.85	1.3	0.0041
7.85	1.35	0.0026
7.9	-1.35	0.0069
7.9	-1.3	0.011
7.9	-1.25	0.0093
7.9	-1.2	0.0035
7.9	-0.25	0.0037
7.9	-0.2	0.0025
7.9	-0.1	0.0198
7.9	-0.05	0.0592
7.9	0	0.0809
7.9	0.05	0.0581
7.9	0.1	0.0197
7.9	0.2	0.0024
7.9	0.25	0.0035
7.9	1.2	0.0036
7.9	1.25	0.0097
7.9	1.3	0.0113
7.9	1.35	0.0069
7.9	1.4	0.002
7.95	-1.35	0.0064
7.95	-1.3	0.0103
7.95	-1.25	0.0087
7.95	-1.2	0.0032
7.95	-0.25	0.0035
7.95	-0.2	0.0023
7.95	-0.1	0.0182
7.95	-0.05	0.0556
7.95	0	0.0754
7.95	0.05	0.0549
7.95	0.1	0.0182
7.95	0.2	0.0023
7.95	0.25	0.0034
7.95	1.2	0.0034
7.95	1.25	0.009
7.95	1.3	0.0105
7.95	1.35	0.0066
8	-1.3	0.002
8	-0.1	0.0033
8	-0.05	0.0107
8	0	0.0147
8	0.05	0.0104
8	0.1	0.0035
8	1.3	0.002
8.05	-1.35	0.0023
8.05	-1.3	0.004
8.05	-1.25	0.0032
8.05	-0.1	0.0066
8.05	-0.05	0.02
8.05	0	0.0278
8.05	0.05	0.0198
8.05	0.1	0.0073
8.05	1.25	0.0037
8.05	1.3	0.0039
8.05	1.35	0.0024
8.1	-1.4	0.0067
8.1	-1.35	0.022
8.1	-1.3	0.0358
8.1	-1.25	0.03
8.1	-1.2	0.0111
8.1	-1.1	0.0022
8.1	-1.05	0.0034
8.1	-0.9	0.0023
8.1	-0.6	0.0026
8.1	-0.55	0.003
8.1	-0.45	0.002
8.1	-0.4	0.0051
8.1	-0.3	0.0023
8.1	-0.25	0.0118
8.1	-0.2	0.0078
8.1	-0.15	0.0031
8.1	-0.1	0.0673
8.1	-0.05	0.1929
8.1	0	0.2614
8.1	0.05	0.1898
8.1	0.1	0.065
8.1	0.15	0.0022
8.1	0.2	0.0076
8.1	0.25	0.0113
8.1	0.3	0.0022
8.1	0.4	0.0046
8.1	0.55	0.0021
8.1	0.7	0.0022
8.1	0.75	0.0023
8.1	0.9	0.0026
8.1	1.05	0.0037
8.1	1.1	0.0022
8.1	1.2	0.0124
8.1	1.25	0.0313
8.1	1.3	0.0364
8.1	1.35	0.0226
8.1	1.4	0.0063
8.15	-2.65	0.0024
8.15	-2.6	0.0032
8.15	-2.55	0.0023
8.15	-1.4	0.0166
8.15	-1.35	0.0593
8.15	-1.3	0.0939
8.15	-1.25	0.0793
8.15	-1.2	0.0302
8.15	-1.1	0.0057
8.15	-1.05	0.0093
8.15	-0.9	0.006
8.15	-0.85	0.0027
8.15	-0.75	0.0043
8.15	-0.7	0.0029
8.15	-0.6	0.0061
8.15	-0.55	0.0071
8.15	-0.45	0.0057
8.15	-0.4	0.0133
8.15	-0.35	0.0036
8.15	-0.3	0.0055
8.15	-0.25	0.0314
8.15	-0.2	0.0207
8.15	-0.15	0.0073
8.15	-0.1	0.169
8.15	-0.05	0.5098
8.15	0	0.6882
8.15	0.05	0.5022
8.15	0.1	0.1684
8.15	0.15	0.0087
8.15	0.2	0.02
8.15	0.25	0.0305
8.15	0.3	0.0057
8.15	0.35	0.0034
8.15	0.4	0.0125
8.15	0.45	0.005
8.15	0.55	0.0057
8.15	0.6	0.0038
8.15	0.7	0.0051
8.15	0.75	0.0057
8.15	0.85	0.003
8.15	0.9	0.0067
8.15	1.05	0.0097
8.15	1.1	0.006
8.15	1.2	0.0317
8.15	1.25	0.0816
8.15	1.3	0.0962
8.15	1.35	0.0598
8.15	1.4	0.0166
8.2	-2.65	0.0038
8.2	-2.6	0.0051
8.2	-2.55	0.0036
8.2	-1.55	0.0025
8.2	-1.4	0.0268
8.2	-1.35	0.0925
8.2	-1.3	0.1488
8.2	-1.25	0.1248
8.2	-1.2	0.0472
8.2	-1.1	0.009
8.2	-1.05	0.0143
8.2	-1	0.0029
8.2	-0.95	0.0025
8.2	-0.9	0.0095
8.2	-0.85	0.0042
8.2	-0.75	0.0073
8.2	-0.7	0.0051
8.2	-0.6	0.0087
8.2	-0.55	0.0106
8.2	-0.45	0.0092
8.2	-0.4	0.0218
8.2	-0.35	0.0057
8.2	-0.3	0.0095
8.2	-0.25	0.0495
8.2	-0.2	0.033
8.2	-0.15	0.0132
8.2	-0.1	0.2664
8.2	-0.05	0.7947
8.2	0	1.0851
8.2	0.05	0.7847
8.2	0.1	0.261
8.2	0.15	0.0082
8.2	0.2	0.0317
8.2	0.25	0.047
8.2	0.3	0.0084
8.2	0.35	0.0053
8.2	0.4	0.0194
8.2	0.45	0.0081
8.2	0.55	0.0095
8.2	0.6	0.0063
8.2	0.7	0.0075
8.2	0.75	0.0084
8.2	0.85	0.0049
8.2	0.9	0.0108
8.2	0.95	0.0028
8.2	1	0.003
8.2	1.05	0.0157
8.2	1.1	0.0095
8.2	1.15	0.0023
8.2	1.2	0.0489
8.2	1.25	0.1296
8.2	1.3	0.1508
8.2	1.35	0.0932
8.2	1.4	0.0267
8.2	1.55	0.0024
8.25	-2.65	0.0042
8.25	-2.6	0.0056
8.25	-2.55	0.0039
8.25	-1.55	0.0027
8.25	-1.5	0.002
8.25	-1.4	0.0285
8.25	-1.35	0.1013
8.25	-1.3	0.1615
8.25	-1.25	0.1371
8.25	-1.2	0.0515
8.25	-1.15	0.0025
8.25	-1.1	0.0098
8.25	-1.05	0.016
8.25	-1	0.0029
8.25	-0.95	0.0029
8.25	-0.9	0.0105
8.25	-0.85	0.0045
8.25	-0.75	0.008
8.25	-0.7	0.006
8.25	-0.6	0.0089
8.25	-0.55	0.011
8.25	-0.45	0.0104
8.25	-0.4	0.0234
8.25	-0.35	0.0062
8.25	-0.3	0.0096
8.25	-0.25	0.0542
8.25	-0.2	0.0358
8.25	-0.15	0.0119
8.25	-0.1	0.2895
8.25	-0.05	0.8671
8.25	0	1.1813
8.25	0.05	0.8632
8.25	0.1	0.2854
8.25	0.15	0.0138
8.25	0.2	0.0347
8.25	0.25	0.0523
8.25	0.3	0.0094
8.25	0.35	0.006
8.25	0.4	0.0218
8.25	0.45	0.0086
8.25	0.55	0.0106
8.25	0.6	0.0074
8.25	0.7	0.0076
8.25	0.75	0.0088
8.25	0.85	0.0055
8.25	0.9	0.0118
8.25	0.95	0.003
8.25	1	0.0032
8.25	1.05	0.0168
8.25	1.1	0.0105
8.25	1.2	0.0537
8.25	1.25	0.1404
8.25	1.3	0.1652
8.25	1.35	0.1022
8.25	1.4	0.0293
8.25	1.5	0.002
8.25	1.55	0.0026
8.3	-2.65	0.0033
8.3	-2.6	0.0044
8.3	-2.55	0.0031
8.3	-1.55	0.0021
8.3	-1.4	0.0228
8.3	-1.35	0.0795
8.3	-1.3	0.1279
8.3	-1.25	0.1073
8.3	-1.2	0.0411
8.3	-1.1	0.0078
8.3	-1.05	0.0125
8.3	-1	0.0024
8.3	-0.95	0.0022
8.3	-0.9	0.0083
8.3	-0.85	0.0036
8.3	-0.75	0.0067
8.3	-0.7	0.0049
8.3	-0.6	0.0066
8.3	-0.55	0.0082
8.3	-0.45	0.0085
8.3	-0.4	0.0192
8.3	-0.35	0.005
8.3	-0.3	0.0079
8.3	-0.25	0.043
8.3	-0.2	0.0281
8.3	-0.15	0.0118
8.3	-0.1	0.2303
8.3	-0.05	0.684
8.3	0	0.9303
8.3	0.05	0.6739
8.3	0.1	0.2252
8.3	0.15	0.0075
8.3	0.2	0.0273
8.3	0.25	0.0409
8.3	0.3	0.0072
8.3	0.35	0.0048
8.3	0.4	0.0169
8.3	0.45	0.007
8.3	0.55	0.0086
8.3	0.6	0.006
8.3	0.7	0.0057
8.3	0.75	0.0065
8.3	0.85	0.0045
8.3	0.9	0.0095
8.3	0.95	0.0025
8.3	1	0.0025
8.3	1.05	0.0135
8.3	1.1	0.0082
8.3	1.15	0.0023
8.3	1.2	0.0419
8.3	1.25	0.111
8.3	1.3	0.1295
8.3	1.35	0.0801
8.3	1.4	0.0227
8.3	1.55	0.0021
8.35	-2.6	0.0024
8.35	-1.4	0.0123
8.35	-1.35	0.0433
8.35	-1.3	0.0693
8.35	-1.25	0.0591
8.35	-1.2	0.0222
8.35	-1.1	0.0043
8.35	-1.05	0.0069
8.35	-0.9	0.0046
8.35	-0.75	0.0037
8.35	-0.7	0.0029
8.35	-0.6	0.0033
8.35	-0.55	0.0041
8.35	-0.45	0.0048
8.35	-0.4	0.0105
8.35	-0.35	0.0027
8.35	-0.3	0.0041
8.35	-0.25	0.0233
8.35	-0.2	0.0159
8.35	-0.15	0.0045
8.35	-0.1	0.1243
8.35	-0.05	0.373
8.35	0	0.5067
8.35	0.05	0.3701
8.35	0.1	0.1235
8.35	0.15	0.0059
8.35	0.2	0.0151
8.35	0.25	0.0225
8.35	0.3	0.0041
8.35	0.35	0.0025
8.35	0.4	0.0095
8.35	0.45	0.0038
8.35	0.55	0.0048
8.35	0.6	0.0035
8.35	0.7	0.0028
8.35	0.75	0.0033
8.35	0.85	0.0026
8.35	0.9	0.0052
8.35	1.05	0.0072
8.35	1.1	0.0046
8.35	1.2	0.023
8.35	1.25	0.0599
8.35	1.3	0.071
8.35	1.35	0.0438
8.35	1.4	0.0125
8.4	-1.4	0.004
8.4	-1.35	0.0139
8.4	-1.3	0.0224
8.4	-1.25	0.019
8.4	-1.2	0.0073
8.4	-1.05	0.0022
8.4	-0.4	0.0035
8.4	-0.25	0.0075
8.4	-0.2	0.005
8.4	-0.1	0.0393
8.4	-0.05	0.1207
8.4	0	0.1628
8.4	0.05	0.1178
8.4	0.1	0.039
8.4	0.2	0.0049
8.4	0.25	0.0071
8.4	0.4	0.003
8.4	1.05	0.0024
8.4	1.2	0.0072
8.4	1.25	0.0194
8.4	1.3	0.0225
8.4	1.35	0.0141
8.4	1.4	0.0039
8.45	-0.1	0.0037
8.45	-0.05	0.0102
8.45	0	0.014
8.45	0.05	0.0095
8.45	0.1	0.0029
8.5	-0.05	0.006
8.5	0	0.0083
8.5	0.05	0.0059
8.55	-1.35	0.0028
8.55	-1.3	0.0045
8.55	-1.25	0.0038
8.55	-0.1	0.0077
8.55	-0.05	0.0236
8.55	0	0.0329
8.55	0.05	0.0239
8.55	0.1	0.0077
8.55	1.25	0.0038
8.55	1.3	0.0046
8.55	1.35	0.0028
8.6	-1.35	0.0024
8.6	-1.3	0.0039
8.6	-1.25	0.0033
8.6	-0.1	0.0068
8.6	-0.05	0.0208
8.6	0	0.0285
8.6	0.05	0.0207
8.6	0.1	0.0068
8.6	1.25	0.0034
8.6	1.3	0.004
8.6	1.35	0.0025
8.65	-0.1	0.002
8.65	-0.05	0.0061
8.65	0	0.0086
8.65	0.05	0.0063
8.65	0.1	0.0021
8.75	-0.05	0.0036
8.75	0	0.0048
8.75	0.05	0.0035
8.8	-0.1	0.002
8.8	-0.05	0.006
8.8	0	0.008
8.8	0.05	0.0058
8.85	-0.05	0.0033
8.85	0	0.0045
8.85	0.05	0.0032
9	0	0.0022
9.05	0	0.002
-7.15	-1.3	0.0027
-7.15	-1.25	0.0023
-7.1	-1.35	0.0054
-7.1	-1.3	0.0085
-7.1	-1.25	0.0072
-7.1	-1.2	0.0028
-7.1	-0.25	0.0029
-7.1	-0.1	0.0156
-7.1	-0.05	0.0458
-7.05	-1.4	0.003
-7.05	-1.35	0.0101
-7.05	-1.3	0.0162
-7.05	-1.25	0.0139
-7.05	-1.2	0.0054
-7.05	-0.4	0.0024
-7.05	-0.25	0.0054
-7.05	-0.2	0.0033
-7.05	-0.1	0.0297
-7.05	-0.05	0.0868
-7.05	0	0.1184
-7.05	0.05	0.0869
-7.05	0.1	0.0294
-7.05	0.2	0.0027
-7.05	0.25	0.0045
-7	-1.4	0.0038
-7	-1.35	0.013
-7	-1.3	0.0207
-7	-1.25	0.0175
-7	-1.2	0.0069
-7	-0.4	0.0031
-7	-0.25	0.0069
-7	-0.2	0.0042
-7	-0.15	0.0022
-7	-0.1	0.0379
-7	-0.05	0.1113
-7	0	0.1504
-7	0.05	0.11
-7	0.1	0.0377
-7	0.2	0.0035
-7	0.25	0.0056
-7	0.4	0.0027
-6.95	-1.4	0.0032
-6.95	-1.35	0.0109
-6.95	-1.3	0.0173
-6.95	-1.25	0.0148
-6.95	-1.2	0.0057
-6.95	-0.4	0.0025
-6.95	-0.25	0.0056
-6.95	-0.2	0.0036
-6.95	-0.1	0.0319
-6.95	-0.05	0.0927
-6.95	0	0.1261
-6.95	0.05	0.0922
-6.95	0.1	0.0316
-6.95	0.2	0.0029
-6.95	0.25	0.0046
-6.95	0.4	0.0024
-6.9	-1.35	0.0052
-6.9	-1.3	0.0082
-6.9	-1.25	0.0071
-6.9	-1.2	0.0028
-6.9	-0.25	0.0027
-6.9	-0.1	0.0154
-6.9	-0.05	0.0444
-6.9	0	0.0595
-6.9	0.05	0.0431
-6.9	0.1	0.0149
-6.85	-0.05	0.0054
-6.85	0	0.0075
-6.85	0.05	0.0052
-6.8	-0.05	0.0045
-6.8	0	0.0064
-6.8	0.05	0.0045
-6.75	-1.35	0.003
-6.75	-1.3	0.0048
-6.75	-1.25	0.0041
-6.75	-0.1	0.0083
-6.75	-0.05	0.025
-6.75	0	0.0349
-6.75	0.05	0.0256
-6.75	0.1	0.0084
-6.75	1.25	0.004
-6.75	1.3	0.0048
-6.75	1.35	0.003
-6.7	-1.35	0.0037
-6.7	-1.3	0.0059
-6.7	-1.25	0.005
-6.7	-0.1	0.0104
-6.7	-0.05	0.0312
-6.7	0	0.0427
-6.7	0.05	0.0313
-6.7	0.1	0.0104
-6.7	1.25	0.0049
-6.7	1.3	0.0058
-6.7	1.35	0.0037
-6.65	-1.3	0.0025
-6.65	-1.25	0.0021
-6.65	-0.1	0.0046
-6.65	-0.05	0.0132
-6.65	0	0.018
-6.65	0.05	0.013
-6.65	0.1	0.0043
-6.65	1.25	0.0021
-6.65	1.3	0.0025
-6.55	-1.3	0.003
-6.55	-1.25	0.0026
-6.55	-0.1	0.0055
-6.55	-0.05	0.016
-6.55	0	0.0219
-6.55	0.05	0.0162
-6.55	0.1	0.0055
-6.55	1.25	0.0025
-6.55	1.3	0.003
-6.5	-1.35	0.0048
-6.5	-1.3	0.0077
-6.5	-1.25	0.0066
-6.5	-1.2	0.0026
-6.5	-0.25	0.0024
-6.5	-0.1	0.0135
-6.5	-0.05	0.0406
-6.5	0	0.0553
-6.5	0.05	0.0408
-6.5	0.1	0.0138
-6.5	0.25	0.0025
-6.5	1.2	0.0025
-6.5	1.25	0.0064
-6.5	1.3	0.0075
-6.5	1.35	0.0047
-6.45	-1.35	0.0042
-6.45	-1.3	0.0069
-6.45	-1.25	0.0059
-6.45	-1.2	0.0023
-6.45	-0.25	0.0022
-6.45	-0.1	0.0122
-6.45	-0.05	0.0363
-6.45	0	0.0499
-6.45	0.05	0.0365
-6.45	0.1	0.0126
-6.45	0.25	0.0021
-6.45	1.2	0.0022
-6.45	1.25	0.0057
-6.45	1.3	0.0067
-6.45	1.35	0.0042
-6.4	-0.1	0.0023
-6.4	-0.05	0.007
-6.4	0	0.0092
-6.4	0.05	0.0066
-6.4	0.1	0.0022
-6.35	-1.3	0.0021
-6.35	-0.1	0.0035
-6.35	-0.05	0.0109
-6.35	0	0.0155
-6.35	0.05	0.0115
-6.35	0.1	0.0044
-6.35	1.3	0.0021
-6.3	-1.4	0.0035
-6.3	-1.35	0.012
-6.3	-1.3	0.0194
-6.3	-1.25	0.0169
-6.3	-1.2	0.0067
-6.3	-1.05	0.0022
-6.3	-0.7	0.002
-6.3	-0.4	0.0025
-6.3	-0.25	0.0058
-6.3	-0.2	0.0036
-6.3	-0.1	0.0333
-6.3	-0.05	0.1008
-6.3	0	0.139
-6.3	0.05	0.1045
-6.3	0.1	0.0362
-6.3	0.15	0.0021
-6.3	0.2	0.0041
-6.3	0.25	0.007
-6.3	0.4	0.0033
-6.3	0.45	0.0022
-6.3	0.55	0.002
-6.3	0.6	0.0023
-6.3	1.2	0.006
-6.3	1.25	0.0158
-6.3	1.3	0.0188
-6.3	1.35	0.012
-6.3	1.4	0.0034
-6.25	-1.4	0.0087
-6.25	-1.35	0.0301
-6.25	-1.3	0.0489
-6.25	-1.25	0.042
-6.25	-1.2	0.0169
-6.25	-1.1	0.003
-6.25	-1.05	0.0052
-6.25	-0.9	0.0039
-6.25	-0.85	0.0025
-6.25	-0.75	0.003
-6.25	-0.7	0.0037
-6.25	-0.45	0.0029
-6.25	-0.4	0.0057
-6.25	-0.3	0.0033
-6.25	-0.25	0.0146
-6.25	-0.2	0.0093
-6.25	-0.15	0.0043
-6.25	-0.1	0.0867
-6.25	-0.05	0.2529
-6.25	0	0.3494
-6.25	0.05	0.2597
-6.25	0.1	0.0914
-6.25	0.15	0.004
-6.25	0.2	0.0102
-6.25	0.25	0.0166
-6.25	0.3	0.0038
-6.25	0.4	0.0077
-6.25	0.45	0.0045
-6.25	0.55	0.0038
-6.25	0.6	0.0043
-6.25	0.9	0.0028
-6.25	1.05	0.0045
-6.25	1.1	0.0026
-6.25	1.2	0.0154
-6.25	1.25	0.0397
-6.25	1.3	0.047
-6.25	1.35	0.03
-6.25	1.4	0.0087
-6.2	-1.4	0.0127
-6.2	-1.35	0.0447
-6.2	-1.3	0.072
-6.2	-1.25	0.0623
-6.2	-1.2	0.0245
-6.2	-1.1	0.0043
-6.2	-1.05	0.0078
-6.2	-0.9	0.0055
-6.2	-0.85	0.0035
-6.2	-0.75	0.0041
-6.2	-0.7	0.0051
-6.2	-0.55	0.0026
-6.2	-0.45	0.0041
-6.2	-0.4	0.0075
-6.2	-0.3	0.0047
-6.2	-0.25	0.0221
-6.2	-0.2	0.0135
-6.2	-0.15	0.0065
-6.2	-0.1	0.1245
-6.2	-0.05	0.3743
-6.2	0	0.5143
-6.2	0.05	0.3834
-6.2	0.1	0.132
-6.2	0.15	0.0076
-6.2	0.2	0.0147
-6.2	0.25	0.0251
-6.2	0.3	0.0054
-6.2	0.35	0.0025
-6.2	0.4	0.011
-6.2	0.45	0.0062
-6.2	0.55	0.0052
-6.2	0.6	0.0059
-6.2	0.75	0.002
-6.2	0.85	0.0021
-6.2	0.9	0.0036
-6.2	1.05	0.0066
-6.2	1.1	0.0039
-6.2	1.2	0.0224
-6.2	1.25	0.0585
-6.2	1.3	0.0693
-6.2	1.35	0.044
-6.2	1.4	0.013
-6.2	2.6	0.0024
-6.15	-1.4	0.0133
-6.15	-1.35	0.046
-6.15	-1.3	0.0748
-6.15	-1.25	0.0643
-6.15	-1.2	0.0256
-6.15	-1.1	0.0046
-6.15	-1.05	0.008
-6.15	-0.9	0.0058
-6.15	-0.85	0.0034
-6.15	-0.75	0.0042
-6.15	-0.7	0.0053
-6.15	-0.55	0.0029
-6.15	-0.45	0.0041
-6.15	-0.4	0.0072
-6.15	-0.3	0.0055
-6.15	-0.25	0.0228
-6.15	-0.2	0.014
-6.15	-0.15	0.0062
-6.15	-0.1	0.1306
-6.15	-0.05	0.3849
-6.15	0	0.5317
-6.15	0.05	0.3946
-6.15	0.1	0.1374
-6.15	0.15	0.0056
-6.15	0.2	0.0156
-6.15	0.25	0.0255
-6.15	0.3	0.0057
-6.15	0.35	0.0023
-6.15	0.4	0.0113
-6.15	0.45	0.0063
-6.15	0.55	0.0053
-6.15	0.6	0.0061
-6.15	0.75	0.0022
-6.15	0.85	0.0021
-6.15	0.9	0.0035
-6.15	1.05	0.0069
-6.15	1.1	0.0039
-6.15	1.2	0.0231
-6.15	1.25	0.0604
-6.15	1.3	0.0713
-6.15	1.35	0.0452
-6.15	1.4	0.0134
-6.15	2.6	0.0024
-6.1	-1.4	0.0098
-6.1	-1.35	0.0343
-6.1	-1.3	0.0554
-6.1	-1.25	0.0481
-6.1	-1.2	0.0188
-6.1	-1.1	0.0034
-6.1	-1.05	0.0062
-6.1	-0.9	0.0043
-6.1	-0.85	0.0026
-6.1	-0.75	0.0033
-6.1	-0.7	0.0043
-6.1	-0.55	0.0024
-6.1	-0.45	0.0034
-6.1	-0.4	0.0048
-6.1	-0.3	0.0041
-6.1	-0.25	0.0171
-6.1	-0.2	0.01
-6.1	-0.15	0.0052
-6.1	-0.1	0.0963
-6.1	-0.05	0.286
-6.1	0	0.3947
-6.1	0.05	0.2953
-6.1	0.1	0.1015
-6.1	0.15	0.0056
-6.1	0.2	0.0117
-6.1	0.25	0.02
-6.1	0.3	0.0043
-6.1	0.4	0.0086
-6.1	0.45	0.0047
-6.1	0.55	0.0041
-6.1	0.6	0.005
-6.1	0.9	0.0024
-6.1	1.05	0.0051
-6.1	1.1	0.0029
-6.1	1.2	0.0172
-6.1	1.25	0.0448
-6.1	1.3	0.0532
-6.1	1.35	0.0337
-6.1	1.4	0.0101
-6.05	-1.4	0.0054
-6.05	-1.35	0.0183
-6.05	-1.3	0.0297
-6.05	-1.25	0.0256
-6.05	-1.2	0.0101
-6.05	-1.05	0.0034
-6.05	-0.9	0.0024
-6.05	-0.7	0.0027
-6.05	-0.45	0.0021
-6.05	-0.4	0.0025
-6.05	-0.3	0.0024
-6.05	-0.25	0.009
-6.05	-0.2	0.0052
-6.05	-0.15	0.0029
-6.05	-0.1	0.0522
-6.05	-0.05	0.1529
-6.05	0	0.2106
-6.05	0.05	0.1563
-6.05	0.1	0.054
-6.05	0.15	0.002
-6.05	0.2	0.0063
-6.05	0.25	0.0107
-6.05	0.3	0.0025
-6.05	0.4	0.0046
-6.05	0.45	0.0025
-6.05	0.55	0.0024
-6.05	0.6	0.0031
-6.05	1.05	0.0027
-6.05	1.2	0.0092
-6.05	1.25	0.0239
-6.05	1.3	0.0282
-6.05	1.35	0.0179
-6.05	1.4	0.0052
-6	-1.35	0.0063
-6	-1.3	0.0099
-6	-1.25	0.0086
-6	-1.2	0.0034
-6	-0.25	0.0029
-6	-0.1	0.0182
-6	-0.05	0.0524
-6	0	0.0706
-6	0.05	0.0528
-6	0.1	0.0186
-6	0.2	0.0023
-6	0.25	0.0038
-6	1.2	0.0033
-6	1.25	0.008
-6	1.3	0.0094
-6	1.35	0.006
-5.95	-0.1	0.0027
-5.95	-0.05	0.0078
-5.95	0	0.0101
-5.95	0.05	0.0074
-5.95	0.1	0.0025
-5.85	-0.05	0.0029
-5.85	0	0.0043
-5.85	0.05	0.0032
-5.8	-0.05	0.0031
-5.8	0	0.0045
-5.8	0.05	0.0034
-5.75	0	0.0021
-5.15	-0.05	0.0022
-5.15	0	0.0029
-5.1	0	0.0026
-4.45	-0.05	0.0055
-4.45	0	0.0074
-4.45	0.05	0.0053
-4.4	-1.35	0.0025
-4.4	-1.3	0.004
-4.4	-1.25	0.0033
-4.4	-0.1	0.0067
-4.4	-0.05	0.021
-4.4	0	0.0285
-4.4	0.05	0.0205
-4.4	0.1	0.0065
-4.4	1.25	0.0032
-4.4	1.3	0.0037
-4.4	1.35	0.0023
-4.35	-1.35	0.0053
-4.35	-1.3	0.0085
-4.35	-1.25	0.0072
-4.35	-1.2	0.0026
-4.35	-0.25	0.0029
-4.35	-0.2	0.0021
-4.35	-0.1	0.0144
-4.35	-0.05	0.044
-4.35	0	0.0602
-4.35	0.05	0.0434
-4.35	0.1	0.014
-4.35	0.2	0.0021
-4.35	0.25	0.003
-4.35	1.2	0.0025
-4.35	1.25	0.0067
-4.35	1.3	0.0079
-4.35	1.35	0.0048
-4.3	-1.4	0.002
-4.3	-1.35	0.0072
-4.3	-1.3	0.0115
-4.3	-1.25	0.0097
-4.3	-1.2	0.0036
-4.3	-0.25	0.0038
-4.3	-0.2	0.0026
-4.3	-0.1	0.0197
-4.3	-0.05	0.06
-4.3	0	0.0814
-4.3	0.05	0.059
-4.3	0.1	0.0191
-4.3	0.2	0.0026
-4.3	0.25	0.0038
-4.3	1.2	0.0034
-4.3	1.25	0.0091
-4.3	1.3	0.0107
-4.3	1.35	0.0066
-4.25	-1.35	0.0064
-4.25	-1.3	0.0103
-4.25	-1.25	0.0087
-4.25	-1.2	0.0033
-4.25	-0.25	0.0032
-4.25	-0.2	0.0022
-4.25	-0.1	0.0179
-4.25	-0.05	0.0534
-4.25	0	0.0729
-4.25	0.05	0.0527
-4.25	0.1	0.0175
-4.25	0.2	0.0022
-4.25	0.25	0.0031
-4.25	1.2	0.0031
-4.25	1.25	0.0081
-4.25	1.3	0.0096
-4.25	1.35	0.0059
-4.2	-1.35	0.0034
-4.2	-1.3	0.0054
-4.2	-1.25	0.0046
-4.2	-0.1	0.0094
-4.2	-0.05	0.0285
-4.2	0	0.0383
-4.2	0.05	0.0279
-4.2	0.1	0.0093
-4.2	1.25	0.0043
-4.2	1.3	0.005
-4.2	1.35	0.0031
-4.15	-0.05	0.0055
-4.15	0	0.0072
-4.15	0.05	0.0051
-4.05	-0.1	0.0025
-4.05	-0.05	0.0079
-4.05	0	0.011
-4.05	0.05	0.0079
-4.05	0.1	0.0026
-4	-1.3	0.0021
-4	-0.1	0.0035
-4	-0.05	0.0108
-4	0	0.0147
-4	0.05	0.0107
-4	0.1	0.0035
-3.95	-0.05	0.0052
-3.95	0	0.0071
-3.95	0.05	0.0051
-3.8	-0.05	0.0026
-3.8	0	0.0035
-3.8	0.05	0.0025
-3.6	-1.35	0.0024
-3.6	-1.3	0.0039
-3.6	-1.25	0.0034
-3.6	-0.1	0.007
-3.6	-0.05	0.0197
-3.6	0	0.0267
-3.6	0.05	0.0198
-3.6	0.1	0.0069
-3.6	1.25	0.0029
-3.6	1.3	0.0034
-3.6	1.35	0.0022
-3.55	-1.4	0.0041
-3.55	-1.35	0.0137
-3.55	-1.3	0.0217
-3.55	-1.25	0.0183
-3.55	-1.2	0.0071
-3.55	-1.05	0.0023
-3.55	-0.4	0.0028
-3.55	-0.25	0.0073
-3.55	-0.2	0.0043
-3.55	-0.15	0.0021
-3.55	-0.1	0.0388
-3.55	-0.05	0.1115
-3.55	0	0.1496
-3.55	0.05	0.1093
-3.55	0.1	0.0368
-3.55	0.2	0.0041
-3.55	0.25	0.0071
-3.55	0.4	0.0025
-3.55	1.05	0.0021
-3.55	1.2	0.0065
-3.55	1.25	0.0164
-3.55	1.3	0.019
-3.55	1.35	0.0119
-3.55	1.4	0.0034
-3.5	-1.4	0.0118
-3.5	-1.35	0.0415
-3.5	-1.3	0.066
-3.5	-1.25	0.0558
-3.5	-1.2	0.0213
-3.5	-1.1	0.0039
-3.5	-1.05	0.007
-3.5	-0.9	0.004
-3.5	-0.85	0.0024
-3.5	-0.6	0.0028
-3.5	-0.55	0.0029
-3.5	-0.45	0.0047
-3.5	-0.4	0.0088
-3.5	-0.35	0.0021
-3.5	-0.3	0.0043
-3.5	-0.25	0.0214
-3.5	-0.2	0.0134
-3.5	-0.15	0.0052
-3.5	-0.1	0.1127
-3.5	-0.05	0.3355
-3.5	0	0.452
-3.5	0.05	0.3312
-3.5	0.1	0.1116
-3.5	0.15	0.0066
-3.5	0.2	0.0132
-3.5	0.25	0.0215
-3.5	0.3	0.0049
-3.5	0.4	0.0076
-3.5	0.45	0.0041
-3.5	0.7	0.0023
-3.5	0.75	0.0021
-3.5	0.85	0.0024
-3.5	0.9	0.0041
-3.5	1.05	0.0061
-3.5	1.1	0.0036
-3.5	1.2	0.0193
-3.5	1.25	0.0497
-3.5	1.3	0.0575
-3.5	1.35	0.0356
-3.5	1.4	0.0105
-3.45	-1.55	0.0021
-3.45	-1.4	0.0237
-3.45	-1.35	0.0805
-3.45	-1.3	0.1297
-3.45	-1.25	0.1092
-3.45	-1.2	0.0415
-3.45	-1.1	0.008
-3.45	-1.05	0.0133
-3.45	-1	0.0029
-3.45	-0.9	0.0079
-3.45	-0.85	0.0041
-3.45	-0.75	0.0048
-3.45	-0.7	0.004
-3.45	-0.6	0.0052
-3.45	-0.55	0.006
-3.45	-0.45	0.009
-3.45	-0.4	0.018
-3.45	-0.35	0.0042
-3.45	-0.3	0.0083
-3.45	-0.25	0.0405
-3.45	-0.2	0.0259
-3.45	-0.15	0.0111
-3.45	-0.1	0.2216
-3.45	-0.05	0.6497
-3.45	0	0.8862
-3.45	0.05	0.642
-3.45	0.1	0.2129
-3.45	0.15	0.0074
-3.45	0.2	0.0258
-3.45	0.25	0.0403
-3.45	0.3	0.0084
-3.45	0.35	0.0031
-3.45	0.4	0.0148
-3.45	0.45	0.0073
-3.45	0.55	0.0058
-3.45	0.6	0.0045
-3.45	0.7	0.0041
-3.45	0.75	0.0043
-3.45	0.85	0.0044
-3.45	0.9	0.0082
-3.45	1	0.0025
-3.45	1.05	0.0117
-3.45	1.1	0.0068
-3.45	1.2	0.0374
-3.45	1.25	0.0965
-3.45	1.3	0.1119
-3.45	1.35	0.0694
-3.45	1.4	0.0197
-3.45	2.55	0.0025
-3.45	2.6	0.0035
-3.45	2.65	0.0026
-3.4	-1.55	0.0028
-3.4	-1.5	0.002
-3.4	-1.4	0.0303
-3.4	-1.35	0.1069
-3.4	-1.3	0.1708
-3.4	-1.25	0.146
-3.4	-1.2	0.0554
-3.4	-1.15	0.0025
-3.4	-1.1	0.0105
-3.4	-1.05	0.0179
-3.4	-1	0.0037
-3.4	-0.95	0.0024
-3.4	-0.9	0.0105
-3.4	-0.85	0.005
-3.4	-0.75	0.0074
-3.4	-0.7	0.0064
-3.4	-0.6	0.0068
-3.4	-0.55	0.0083
-3.4	-0.45	0.0114
-3.4	-0.4	0.0233
-3.4	-0.35	0.0059
-3.4	-0.3	0.0097
-3.4	-0.25	0.0527
-3.4	-0.2	0.0339
-3.4	-0.15	0.0127
-3.4	-0.1	0.2903
-3.4	-0.05	0.8603
-3.4	0	1.1722
-3.4	0.05	0.859
-3.4	0.1	0.2851
-3.4	0.15	0.0135
-3.4	0.2	0.034
-3.4	0.25	0.0538
-3.4	0.3	0.0112
-3.4	0.35	0.0046
-3.4	0.4	0.02
-3.4	0.45	0.0089
-3.4	0.55	0.0089
-3.4	0.6	0.0072
-3.4	0.7	0.0051
-3.4	0.75	0.006
-3.4	0.85	0.0056
-3.4	0.9	0.0107
-3.4	0.95	0.0026
-3.4	1	0.003
-3.4	1.05	0.0149
-3.4	1.1	0.009
-3.4	1.2	0.049
-3.4	1.25	0.1263
-3.4	1.3	0.1485
-3.4	1.35	0.092
-3.4	1.4	0.0263
-3.4	1.55	0.0024
-3.4	2.55	0.0032
-3.4	2.6	0.0046
-3.4	2.65	0.0034
-3.35	-1.55	0.0024
-3.35	-1.4	0.0279
-3.35	-1.35	0.0941
-3.35	-1.3	0.1519
-3.35	-1.25	0.1286
-3.35	-1.2	0.0492
-3.35	-1.1	0.0093
-3.35	-1.05	0.0154
-3.35	-1	0.0033
-3.35	-0.95	0.0021
-3.35	-0.9	0.0093
-3.35	-0.85	0.0043
-3.35	-0.75	0.0075
-3.35	-0.7	0.0063
-3.35	-0.6	0.0058
-3.35	-0.55	0.0075
-3.35	-0.45	0.0098
-3.35	-0.4	0.0209
-3.35	-0.35	0.0052
-3.35	-0.3	0.0087
-3.35	-0.25	0.0465
-3.35	-0.2	0.0297
-3.35	-0.15	0.0136
-3.35	-0.1	0.2606
-3.35	-0.05	0.7624
-3.35	0	1.0393
-3.35	0.05	0.754
-3.35	0.1	0.2533
-3.35	0.15	0.0087
-3.35	0.2	0.0301
-3.35	0.25	0.0467
-3.35	0.3	0.0093
-3.35	0.35	0.0042
-3.35	0.4	0.0174
-3.35	0.45	0.0077
-3.35	0.55	0.009
-3.35	0.6	0.007
-3.35	0.7	0.0044
-3.35	0.75	0.0053
-3.35	0.85	0.0048
-3.35	0.9	0.0095
-3.35	0.95	0.0023
-3.35	1	0.0025
-3.35	1.05	0.0133
-3.35	1.1	0.0078
-3.35	1.15	0.0021
-3.35	1.2	0.0427
-3.35	1.25	0.1121
-3.35	1.3	0.1306
-3.35	1.35	0.0815
-3.35	1.4	0.0231
-3.35	1.55	0.0021
-3.35	2.55	0.0029
-3.35	2.6	0.004
-3.35	2.65	0.003
-3.3	-1.4	0.0139
-3.3	-1.35	0.0481
-3.3	-1.3	0.0774
-3.3	-1.25	0.066
-3.3	-1.2	0.0255
-3.3	-1.1	0.0045
-3.3	-1.05	0.008
-3.3	-0.9	0.0047
-3.3	-0.85	0.0021
-3.3	-0.75	0.0041
-3.3	-0.7	0.0037
-3.3	-0.6	0.0026
-3.3	-0.55	0.0036
-3.3	-0.45	0.0049
-3.3	-0.4	0.0103
-3.3	-0.35	0.0026
-3.3	-0.3	0.0045
-3.3	-0.25	0.0234
-3.3	-0.2	0.0151
-3.3	-0.15	0.0051
-3.3	-0.1	0.1337
-3.3	-0.05	0.3899
-3.3	0	0.5295
-3.3	0.05	0.3874
-3.3	0.1	0.1288
-3.3	0.15	0.0068
-3.3	0.2	0.0151
-3.3	0.25	0.0238
-3.3	0.3	0.005
-3.3	0.35	0.0021
-3.3	0.4	0.009
-3.3	0.45	0.0036
-3.3	0.55	0.005
-3.3	0.6	0.0041
-3.3	0.75	0.0026
-3.3	0.85	0.0025
-3.3	0.9	0.0047
-3.3	1.05	0.0066
-3.3	1.1	0.004
-3.3	1.2	0.0225
-3.3	1.25	0.0568
-3.3	1.3	0.0668
-3.3	1.35	0.0415
-3.3	1.4	0.0119
-3.3	2.6	0.0021
-3.25	-1.35	0.0071
-3.25	-1.3	0.0115
-3.25	-1.25	0.0094
-3.25	-1.2	0.004
-3.25	-0.25	0.0034
-3.25	-0.1	0.019
-3.25	-0.05	0.0564
-3.25	0	0.0766
-3.25	0.05	0.0536
-3.25	0.1	0.0197
-3.25	0.2	0.0023
-3.25	0.25	0.0032
-3.25	1.2	0.0032
-3.25	1.25	0.0082
-3.25	1.3	0.0099
-3.25	1.35	0.0058
-3.2	-1.35	0.0044
-3.2	-1.3	0.0074
-3.2	-1.25	0.0061
-3.2	-1.2	0.0021
-3.2	-0.25	0.0021
-3.2	-0.1	0.0123
-3.2	-0.05	0.0354
-3.2	0	0.0491
-3.2	0.05	0.0355
-3.2	0.1	0.011
-3.2	0.25	0.0021
-3.2	1.2	0.002
-3.2	1.25	0.0052
-3.2	1.3	0.0061
-3.2	1.35	0.0038
-3.15	-1.4	0.0087
-3.15	-1.35	0.0304
-3.15	-1.3	0.0486
-3.15	-1.25	0.0409
-3.15	-1.2	0.0157
-3.15	-1.1	0.003
-3.15	-1.05	0.0047
-3.15	-0.9	0.0031
-3.15	-0.75	0.0026
-3.15	-0.6	0.003
-3.15	-0.55	0.0038
-3.15	-0.45	0.0027
-3.15	-0.4	0.0068
-3.15	-0.35	0.002
-3.15	-0.3	0.0025
-3.15	-0.25	0.0148
-3.15	-0.2	0.0098
-3.15	-0.15	0.0039
-3.15	-0.1	0.0809
-3.15	-0.05	0.2418
-3.15	0	0.3293
-3.15	0.05	0.238
-3.15	0.1	0.0789
-3.15	0.15	0.0033
-3.15	0.2	0.0095
-3.15	0.25	0.0142
-3.15	0.3	0.0025
-3.15	0.4	0.0058
-3.15	0.45	0.0023
-3.15	0.55	0.003
-3.15	0.6	0.002
-3.15	0.7	0.0023
-3.15	0.75	0.0026
-3.15	0.9	0.003
-3.15	1.05	0.0042
-3.15	1.1	0.0026
-3.15	1.2	0.0133
-3.15	1.25	0.0351
-3.15	1.3	0.0408
-3.15	1.35	0.0253
-3.15	1.4	0.0071
-3.1	-1.4	0.0118
-3.1	-1.35	0.0415
-3.1	-1.3	0.0661
-3.1	-1.25	0.0567
-3.1	-1.2	0.0215
-3.1	-1.1	0.004
-3.1	-1.05	0.0066
-3.1	-0.9	0.0043
-3.1	-0.75	0.0037
-3.1	-0.7	0.0029
-3.1	-0.6	0.0035
-3.1	-0.55	0.0047
-3.1	-0.45	0.0037
-3.1	-0.4	0.0088
-3.1	-0.35	0.0025
-3.1	-0.3	0.0035
-3.1	-0.25	0.0199
-3.1	-0.2	0.0133
-3.1	-0.15	0.0038
-3.1	-0.1	0.1104
-3.1	-0.05	0.3291
-3.1	0	0.4492
-3.1	0.05	0.3287
-3.1	0.1	0.1096
-3.1	0.15	0.005
-3.1	0.2	0.013
-3.1	0.25	0.0196
-3.1	0.3	0.0036
-3.1	0.35	0.0022
-3.1	0.4	0.0081
-3.1	0.45	0.0031
-3.1	0.55	0.0044
-3.1	0.6	0.0032
-3.1	0.7	0.0026
-3.1	0.75	0.0033
-3.1	0.9	0.004
-3.1	1.05	0.0055
-3.1	1.1	0.0035
-3.1	1.2	0.0182
-3.1	1.25	0.0473
-3.1	1.3	0.056
-3.1	1.35	0.0347
-3.1	1.4	0.01
-3.05	-1.4	0.0059
-3.05	-1.35	0.0201
-3.05	-1.3	0.0318
-3.05	-1.25	0.0271
-3.05	-1.2	0.0107
-3.05	-1.05	0.0031
-3.05	-0.55	0.002
-3.05	-0.4	0.0041
-3.05	-0.25	0.0098
-3.05	-0.2	0.0062
-3.05	-0.15	0.0026
-3.05	-0.1	0.0533
-3.05	-0.05	0.1577
-3.05	0	0.2137
-3.05	0.05	0.1562
-3.05	0.1	0.0515
-3.05	0.15	0.0024
-3.05	0.2	0.0058
-3.05	0.25	0.0092
-3.05	0.4	0.0037
-3.05	0.55	0.0023
-3.05	1.05	0.0027
-3.05	1.2	0.0086
-3.05	1.25	0.0228
-3.05	1.3	0.0265
-3.05	1.35	0.0165
-3.05	1.4	0.0046
-3	0.05	0.0021
-2.95	-1.4	0.007
-2.95	-1.35	0.0232
-2.95	-1.3	0.0371
-2.95	-1.25	0.0316
-2.95	-1.2	0.0122
-2.95	-1.1	0.0023
-2.95	-1.05	0.0036
-2.95	-0.9	0.0023
-2.95	-0.6	0.0024
-2.95	-0.55	0.0029
-2.95	-0.45	0.002
-2.95	-0.4	0.0053
-2.95	-0.25	0.0113
-2.95	-0.2	0.0074
-2.95	-0.15	0.0029
-2.95	-0.1	0.0624
-2.95	-0.05	0.1817
-2.95	0	0.2459
-2.95	0.05	0.1813
-2.95	0.1	0.0601
-2.95	0.15	0.0025
-2.95	0.2	0.0071
-2.95	0.25	0.0108
-2.95	0.4	0.0042
-2.95	0.55	0.0021
-2.95	0.75	0.002
-2.95	0.9	0.0023
-2.95	1.05	0.0031
-2.95	1.2	0.0097
-2.95	1.25	0.0264
-2.95	1.3	0.0302
-2.95	1.35	0.0185
-2.95	1.4	0.0053
-2.9	-1.4	0.0193
-2.9	-1.35	0.0678
-2.9	-1.3	0.1083
-2.9	-1.25	0.0923
-2.9	-1.2	0.0351
-2.9	-1.1	0.0066
-2.9	-1.05	0.0106
-2.9	-0.9	0.007
-2.9	-0.85	0.0027
-2.9	-0.75	0.006
-2.9	-0.7	0.0044
-2.9	-0.6	0.0061
-2.9	-0.55	0.008
-2.9	-0.45	0.0058
-2.9	-0.4	0.0144
-2.9	-0.35	0.004
-2.9	-0.3	0.0057
-2.9	-0.25	0.0322
-2.9	-0.2	0.0218
-2.9	-0.15	0.0061
-2.9	-0.1	0.1795
-2.9	-0.05	0.5313
-2.9	0	0.7248
-2.9	0.05	0.5263
-2.9	0.1	0.177
-2.9	0.15	0.0079
-2.9	0.2	0.021
-2.9	0.25	0.0309
-2.9	0.3	0.0058
-2.9	0.35	0.0035
-2.9	0.4	0.0126
-2.9	0.45	0.0045
-2.9	0.55	0.0071
-2.9	0.6	0.0048
-2.9	0.7	0.0045
-2.9	0.75	0.0056
-2.9	0.85	0.0027
-2.9	0.9	0.0064
-2.9	1.05	0.0089
-2.9	1.1	0.0056
-2.9	1.2	0.0291
-2.9	1.25	0.0757
-2.9	1.3	0.089
-2.9	1.35	0.0549
-2.9	1.4	0.0159
-2.9	2.6	0.0026
-2.85	-1.4	0.0193
-2.85	-1.35	0.0682
-2.85	-1.3	0.1085
-2.85	-1.25	0.0917
-2.85	-1.2	0.0349
-2.85	-1.1	0.0066
-2.85	-1.05	0.0103
-2.85	-0.9	0.0067
-2.85	-0.85	0.0026
-2.85	-0.75	0.0066
-2.85	-0.7	0.0051
-2.85	-0.6	0.0056
-2.85	-0.55	0.0075
-2.85	-0.45	0.0056
-2.85	-0.4	0.0141
-2.85	-0.35	0.0038
-2.85	-0.3	0.0062
-2.85	-0.25	0.0333
-2.85	-0.2	0.0217
-2.85	-0.15	0.0098
-2.85	-0.1	0.1777
-2.85	-0.05	0.5306
-2.85	0	0.7169
-2.85	0.05	0.5234
-2.85	0.1	0.1723
-2.85	0.15	0.0078
-2.85	0.2	0.0207
-2.85	0.25	0.0306
-2.85	0.3	0.0052
-2.85	0.35	0.0037
-2.85	0.4	0.0122
-2.85	0.45	0.0045
-2.85	0.55	0.0078
-2.85	0.6	0.0056
-2.85	0.7	0.0041
-2.85	0.75	0.0051
-2.85	0.85	0.0026
-2.85	0.9	0.0061
-2.85	1.05	0.0091
-2.85	1.1	0.0056
-2.85	1.2	0.0285
-2.85	1.25	0.075
-2.85	1.3	0.0874
-2.85	1.35	0.0541
-2.85	1.4	0.0153
-2.85	2.6	0.0026
-2.8	-1.4	0.0045
-2.8	-1.35	0.0153
-2.8	-1.3	0.025
-2.8	-1.25	0.0212
-2.8	-1.2	0.008
-2.8	-1.05	0.0023
-2.8	-0.75	0.002
-2.8	-0.4	0.0029
-2.8	-0.25	0.0075
-2.8	-0.2	0.0049
-2.8	-0.1	0.0396
-2.8	-0.05	0.1174
-2.8	0	0.1636
-2.8	0.05	0.1214
-2.8	0.1	0.0397
-2.8	0.15	0.002
-2.8	0.2	0.0048
-2.8	0.25	0.0066
-2.8	0.4	0.0027
-2.8	0.55	0.0025
-2.8	1.05	0.0021
-2.8	1.2	0.0062
-2.8	1.25	0.0167
-2.8	1.3	0.0199
-2.8	1.35	0.0128
-2.8	1.4	0.0035
-2.75	-1.4	0.0061
-2.75	-1.35	0.0212
-2.75	-1.3	0.0362
-2.75	-1.25	0.0285
-2.75	-1.2	0.0101
-2.75	-1.1	0.0025
-2.75	-1.05	0.0033
-2.75	-0.9	0.0023
-2.75	-0.6	0.0025
-2.75	-0.55	0.0026
-2.75	-0.45	0.002
-2.75	-0.4	0.0048
-2.75	-0.25	0.0097
-2.75	-0.2	0.007
-2.75	-0.15	0.0023
-2.75	-0.1	0.053
-2.75	-0.05	0.169
-2.75	0	0.2195
-2.75	0.05	0.1579
-2.75	0.1	0.0527
-2.75	0.2	0.0073
-2.75	0.25	0.0094
-2.75	0.4	0.0041
-2.75	0.45	0.002
-2.75	0.9	0.0021
-2.75	1.05	0.0028
-2.75	1.2	0.0084
-2.75	1.25	0.0242
-2.75	1.3	0.0265
-2.75	1.35	0.0163
-2.75	1.4	0.0046
-2.7	-2.55	0.0082
-2.7	-2.5	0.0025
-2.7	-1.55	0.0058
-2.7	-1.5	0.0044
-2.7	-1.45	0.002
-2.7	-1.4	0.0666
-2.7	-1.35	0.2255
-2.7	-1.3	0.3696
-2.7	-1.25	0.3126
-2.7	-1.2	0.1165
-2.7	-1.15	0.0065
-2.7	-1.1	0.0225
-2.7	-1.05	0.0361
-2.7	-1	0.0064
-2.7	-0.95	0.0066
-2.7	-0.9	0.0246
-2.7	-0.85	0.011
-2.7	-0.75	0.016
-2.7	-0.7	0.0118
-2.7	-0.6	0.0201
-2.7	-0.55	0.026
-2.7	-0.45	0.0208
-2.7	-0.4	0.0479
-2.7	-0.35	0.0128
-2.7	-0.3	0.0197
-2.7	-0.25	0.1064
-2.7	-0.2	0.0717
-2.7	-0.15	0.0232
-2.7	-0.1	0.5881
-2.7	-0.05	1.7467
-2.7	0	2.417
-2.7	0.05	1.7324
-2.7	0.1	0.5635
-2.7	0.15	0.0275
-2.7	0.2	0.0702
-2.7	0.25	0.1028
-2.7	0.3	0.0175
-2.7	0.35	0.0114
-2.7	0.4	0.0433
-2.7	0.45	0.0189
-2.7	0.55	0.0179
-2.7	0.6	0.012
-2.7	0.7	0.015
-2.7	0.75	0.0175
-2.7	0.85	0.0098
-2.7	0.9	0.0211
-2.7	0.95	0.0051
-2.7	1	0.0059
-2.7	1.05	0.029
-2.7	1.1	0.0183
-2.7	1.15	0.0043
-2.7	1.2	0.0938
-2.7	1.25	0.2459
-2.7	1.3	0.2902
-2.7	1.35	0.1773
-2.7	1.4	0.0488
-2.7	1.5	0.0036
-2.7	1.55	0.0045
-2.7	2.55	0.006
-2.7	2.6	0.0084
-2.7	2.65	0.0062
-2.7	2.7	0.0021
-2.65	-2.55	0.0233
-2.65	-2.5	0.0073
-2.65	-1.7	0.0031
-2.65	-1.6	0.0028
-2.65	-1.55	0.0171
-2.65	-1.5	0.0127
-2.65	-1.45	0.0089
-2.65	-1.4	0.1824
-2.65	-1.35	0.638
-2.65	-1.3	1.0166
-2.65	-1.25	0.8607
-2.65	-1.2	0.3289
-2.65	-1.15	0.012
-2.65	-1.1	0.0628
-2.65	-1.05	0.1
-2.65	-1	0.018
-2.65	-0.95	0.0185
-2.65	-0.9	0.0671
-2.65	-0.85	0.0294
-2.65	-0.8	0.0035
-2.65	-0.75	0.0491
-2.65	-0.7	0.0375
-2.65	-0.6	0.0539
-2.65	-0.55	0.0685
-2.65	-0.5	0.0059
-2.65	-0.45	0.0535
-2.65	-0.4	0.1309
-2.65	-0.35	0.0356
-2.65	-0.3	0.0557
-2.65	-0.25	0.3043
-2.65	-0.2	0.1951
-2.65	-0.15	0.0812
-2.65	-0.1	1.6258
-2.65	-0.05	4.8652
-2.65	0	6.6308
-2.65	0.05	4.8421
-2.65	0.1	1.5931
-2.65	0.15	0.0809
-2.65	0.2	0.1911
-2.65	0.25	0.291
-2.65	0.3	0.0501
-2.65	0.35	0.034
-2.65	0.4	0.1196
-2.65	0.45	0.0499
-2.65	0.5	0.0042
-2.65	0.55	0.0538
-2.65	0.6	0.039
-2.65	0.7	0.0387
-2.65	0.75	0.0461
-2.65	0.8	0.0036
-2.65	0.85	0.0253
-2.65	0.9	0.0558
-2.65	0.95	0.0148
-2.65	1	0.0148
-2.65	1.05	0.0812
-2.65	1.1	0.0491
-2.65	1.15	0.0117
-2.65	1.2	0.2587
-2.65	1.25	0.6778
-2.65	1.3	0.7942
-2.65	1.35	0.4919
-2.65	1.4	0.1385
-2.65	1.45	0.0071
-2.65	1.5	0.0095
-2.65	1.55	0.0127
-2.65	1.7	0.0022
-2.65	2.5	0.005
-2.65	2.55	0.0163
-2.65	2.6	0.0231
-2.65	2.65	0.0171
-2.65	2.7	0.0057
-2.6	-2.55	0.0367
-2.6	-2.5	0.0114
-2.6	-1.7	0.0049
-2.6	-1.6	0.0046
-2.6	-1.55	0.0285
-2.6	-1.5	0.0218
-2.6	-1.45	0.0104
-2.6	-1.4	0.3088
-2.6	-1.35	1.0666
-2.6	-1.3	1.6975
-2.6	-1.25	1.4289
-2.6	-1.2	0.5459
-2.6	-1.15	0.0238
-2.6	-1.1	0.1018
-2.6	-1.05	0.163
-2.6	-1	0.0304
-2.6	-0.95	0.0286
-2.6	-0.9	0.1114
-2.6	-0.85	0.0476
-2.6	-0.8	0.0076
-2.6	-0.75	0.0849
-2.6	-0.7	0.0659
-2.6	-0.65	0.0044
-2.6	-0.6	0.0836
-2.6	-0.55	0.1133
-2.6	-0.5	0.0096
-2.6	-0.45	0.0887
-2.6	-0.4	0.2135
-2.6	-0.35	0.0546
-2.6	-0.3	0.0948
-2.6	-0.25	0.4922
-2.6	-0.2	0.3329
-2.6	-0.15	0.1133
-2.6	-0.1	2.6675
-2.6	-0.05	7.9225
-2.6	0	10.8658
-2.6	0.05	7.8421
-2.6	0.1	2.6571
-2.6	0.15	0.1143
-2.6	0.2	0.3163
-2.6	0.25	0.4653
-2.6	0.3	0.0905
-2.6	0.35	0.0513
-2.6	0.4	0.1962
-2.6	0.45	0.0803
-2.6	0.5	0.0073
-2.6	0.55	0.0955
-2.6	0.6	0.0683
-2.6	0.65	0.0037
-2.6	0.7	0.0604
-2.6	0.75	0.0743
-2.6	0.8	0.0071
-2.6	0.85	0.0404
-2.6	0.9	0.0924
-2.6	0.95	0.0229
-2.6	1	0.0267
-2.6	1.05	0.1333
-2.6	1.1	0.082
-2.6	1.15	0.019
-2.6	1.2	0.421
-2.6	1.25	1.1021
-2.6	1.3	1.2906
-2.6	1.35	0.7985
-2.6	1.4	0.231
-2.6	1.45	0.0077
-2.6	1.5	0.0156
-2.6	1.55	0.0201
-2.6	1.6	0.0033
-2.6	1.7	0.0035
-2.6	2.5	0.0082
-2.6	2.55	0.0265
-2.6	2.6	0.0373
-2.6	2.65	0.0273
-2.6	2.7	0.0092
-2.55	-2.55	0.0406
-2.55	-2.5	0.0125
-2.55	-2.35	0.0021
-2.55	-1.7	0.0055
-2.55	-1.6	0.0051
-2.55	-1.55	0.0326
-2.55	-1.5	0.0245
-2.55	-1.45	0.0175
-2.55	-1.4	0.3518
-2.55	-1.35	1.2402
-2.55	-1.3	1.9764
-2.55	-1.25	1.6664
-2.55	-1.2	0.6256
-2.55	-1.15	0.027
-2.55	-1.1	0.1176
-2.55	-1.05	0.1883
-2.55	-1	0.0331
-2.55	-0.95	0.0338
-2.55	-0.9	0.1237
-2.55	-0.85	0.0546
-2.55	-0.8	0.0073
-2.55	-0.75	0.0973
-2.55	-0.7	0.0779
-2.55	-0.6	0.0912
-2.55	-0.55	0.1209
-2.55	-0.5	0.0103
-2.55	-0.45	0.101
-2.55	-0.4	0.2414
-2.55	-0.35	0.0654
-2.55	-0.3	0.1054
-2.55	-0.25	0.5805
-2.55	-0.2	0.3763
-2.55	-0.15	0.1327
-2.55	-0.1	3.0081
-2.55	-0.05	9.0489
-2.55	0	12.2443
-2.55	0.05	8.9005
-2.55	0.1	2.9171
-2.55	0.15	0.1417
-2.55	0.2	0.3509
-2.55	0.25	0.5331
-2.55	0.3	0.0942
-2.55	0.35	0.0613
-2.55	0.4	0.2199
-2.55	0.45	0.0904
-2.55	0.5	0.0085
-2.55	0.55	0.1082
-2.55	0.6	0.0817
-2.55	0.7	0.0646
-2.55	0.75	0.0804
-2.55	0.8	0.0057
-2.55	0.85	0.0466
-2.55	0.9	0.1024
-2.55	0.95	0.0267
-2.55	1	0.0279
-2.55	1.05	0.1528
-2.55	1.1	0.0932
-2.55	1.15	0.019
-2.55	1.2	0.4747
-2.55	1.25	1.2455
-2.55	1.3	1.453
-2.55	1.35	0.8988
-2.55	1.4	0.2549
-2.55	1.45	0.0119
-2.55	1.5	0.0174
-2.55	1.55	0.023
-2.55	1.6	0.0037
-2.55	1.7	0.004
-2.55	2.5	0.0092
-2.55	2.55	0.0298
-2.55	2.6	0.0421
-2.55	2.65	0.031
-2.55	2.7	0.0105
-2.5	-2.6	0.0504
-2.5	-2.55	0.0363
-2.5	-2.5	0.0114
-2.5	-1.7	0.0045
-2.5	-1.6	0.0042
-2.5	-1.55	0.026
-2.5	-1.5	0.0201
-2.5	-1.45	0.0099
-2.5	-1.4	0.2819
-2.5	-1.35	0.9991
-2.5	-1.3	1.615
-2.5	-1.25	1.3709
-2.5	-1.2	0.5239
-2.5	-1.15	0.023
-2.5	-1.1	0.1005
-2.5	-1.05	0.1578
-2.5	-1	0.0307
-2.5	-0.95	0.0277
-2.5	-0.9	0.1066
-2.5	-0.85	0.0454
-2.5	-0.8	0.0076
-2.5	-0.75	0.0835
-2.5	-0.7	0.0671
-2.5	-0.65	0.0027
-2.5	-0.6	0.0697
-2.5	-0.55	0.0974
-2.5	-0.5	0.008
-2.5	-0.45	0.0835
-2.5	-0.4	0.1972
-2.5	-0.35	0.0495
-2.5	-0.3	0.0928
-2.5	-0.25	0.4691
-2.5	-0.2	0.3144
-2.5	-0.15	0.1021
-2.5	-0.1	2.5435
-2.5	-0.05	7.474
-2.5	0	10.2156
-2.5	0.05	7.331
-2.5	0.1	2.4588
-2.5	0.15	0.0929
-2.5	0.2	0.2976
-2.5	0.25	0.4316
-2.5	0.3	0.0808
-2.5	0.35	0.0479
-2.5	0.4	0.1809
-2.5	0.45	0.0745
-2.5	0.5	0.007
-2.5	0.55	0.0922
-2.5	0.6	0.0694
-2.5	0.65	0.0026
-2.5	0.7	0.0491
-2.5	0.75	0.0629
-2.5	0.8	0.0058
-2.5	0.85	0.0377
-2.5	0.9	0.085
-2.5	0.95	0.0208
-2.5	1	0.0258
-2.5	1.05	0.1248
-2.5	1.1	0.0766
-2.5	1.15	0.0201
-2.5	1.2	0.3896
-2.5	1.25	1.0247
-2.5	1.3	1.1954
-2.5	1.35	0.7343
-2.5	1.4	0.2104
-2.5	1.45	0.0066
-2.5	1.5	0.0145
-2.5	1.55	0.0184
-2.5	1.6	0.0029
-2.5	1.7	0.0032
-2.5	2.5	0.0074
-2.5	2.55	0.0244
-2.5	2.6	0.0342
-2.5	2.65	0.0253
-2.5	2.7	0.0085
-2.45	-2.6	0.026
-2.45	-2.55	0.0189
-2.45	-2.5	0.0058
-2.45	-1.7	0.0027
-2.45	-1.6	0.0026
-2.45	-1.55	0.0156
-2.45	-1.5	0.0113
-2.45	-1.45	0.0067
-2.45	-1.4	0.1644
-2.45	-1.35	0.5683
-2.45	-1.3	0.9077
-2.45	-1.25	0.775
-2.45	-1.2	0.2894
-2.45	-1.15	0.0132
-2.45	-1.1	0.0575
-2.45	-1.05	0.0918
-2.45	-1	0.0163
-2.45	-0.95	0.0173
-2.45	-0.9	0.061
-2.45	-0.85	0.0266
-2.45	-0.8	0.004
-2.45	-0.75	0.0496
-2.45	-0.7	0.0407
-2.45	-0.6	0.0383
-2.45	-0.55	0.0534
-2.45	-0.5	0.0041
-2.45	-0.45	0.0481
-2.45	-0.4	0.1108
-2.45	-0.35	0.0293
-2.45	-0.3	0.0477
-2.45	-0.25	0.2675
-2.45	-0.2	0.1716
-2.45	-0.15	0.0743
-2.45	-0.1	1.4031
-2.45	-0.05	4.231
-2.45	0	5.7877
-2.45	0.05	4.1893
-2.45	0.1	1.39
-2.45	0.15	0.0671
-2.45	0.2	0.1663
-2.45	0.25	0.2565
-2.45	0.3	0.0453
-2.45	0.35	0.0303
-2.45	0.4	0.1047
-2.45	0.45	0.0426
-2.45	0.5	0.0045
-2.45	0.55	0.0532
-2.45	0.6	0.0416
-2.45	0.7	0.0254
-2.45	0.75	0.0344
-2.45	0.8	0.0023
-2.45	0.85	0.0219
-2.45	0.9	0.0466
-2.45	0.95	0.0122
-2.45	1	0.0132
-2.45	1.05	0.07
-2.45	1.1	0.0424
-2.45	1.15	0.0081
-2.45	1.2	0.2188
-2.45	1.25	0.5769
-2.45	1.3	0.6802
-2.45	1.35	0.4192
-2.45	1.4	0.1195
-2.45	1.45	0.0056
-2.45	1.5	0.0082
-2.45	1.55	0.0108
-2.45	2.5	0.0041
-2.45	2.55	0.0135
-2.45	2.6	0.0193
-2.45	2.65	0.0142
-2.45	2.7	0.0048
-2.4	-2.6	0.0087
-2.4	-2.55	0.0063
-2.4	-2.5	0.002
-2.4	-1.55	0.0053
-2.4	-1.5	0.0042
-2.4	-1.45	0.0021
-2.4	-1.4	0.0577
-2.4	-1.35	0.2002
-2.4	-1.3	0.3195
-2.4	-1.25	0.2706
-2.4	-1.2	0.1016
-2.4	-1.15	0.0042
-2.4	-1.1	0.0197
-2.4	-1.05	0.0311
-2.4	-1	0.0062
-2.4	-0.95	0.0053
-2.4	-0.9	0.0213
-2.4	-0.85	0.0092
-2.4	-0.75	0.0181
-2.4	-0.7	0.0152
-2.4	-0.6	0.0119
-2.4	-0.55	0.0175
-2.4	-0.45	0.0171
-2.4	-0.4	0.0401
-2.4	-0.35	0.0099
-2.4	-0.3	0.0173
-2.4	-0.25	0.0897
-2.4	-0.2	0.0599
-2.4	-0.15	0.0227
-2.4	-0.1	0.4765
-2.4	-0.05	1.4351
-2.4	0	1.9639
-2.4	0.05	1.4086
-2.4	0.1	0.4788
-2.4	0.15	0.0166
-2.4	0.2	0.0597
-2.4	0.25	0.0868
-2.4	0.3	0.0165
-2.4	0.35	0.0098
-2.4	0.4	0.0364
-2.4	0.45	0.0151
-2.4	0.55	0.0197
-2.4	0.6	0.0155
-2.4	0.7	0.0079
-2.4	0.75	0.0109
-2.4	0.85	0.0077
-2.4	0.9	0.0167
-2.4	0.95	0.004
-2.4	1	0.0046
-2.4	1.05	0.0236
-2.4	1.1	0.0142
-2.4	1.15	0.0039
-2.4	1.2	0.0739
-2.4	1.25	0.1958
-2.4	1.3	0.228
-2.4	1.35	0.143
-2.4	1.4	0.0401
-2.4	1.5	0.0029
-2.4	1.55	0.0037
-2.4	2.55	0.0046
-2.4	2.6	0.0064
-2.4	2.65	0.0048
-2.35	-1.4	0.0057
-2.35	-1.35	0.0215
-2.35	-1.3	0.0342
-2.35	-1.25	0.0268
-2.35	-1.2	0.0101
-2.35	-1.05	0.0031
-2.35	-0.9	0.0022
-2.35	-0.75	0.0021
-2.35	-0.45	0.0023
-2.35	-0.4	0.0046
-2.35	-0.25	0.0088
-2.35	-0.2	0.0049
-2.35	-0.15	0.002
-2.35	-0.1	0.0492
-2.35	-0.05	0.15
-2.35	0	0.1938
-2.35	0.05	0.1362
-2.35	0.1	0.0477
-2.35	0.15	0.0031
-2.35	0.2	0.0062
-2.35	0.25	0.0084
-2.35	0.4	0.0037
-2.35	0.55	0.0023
-2.35	0.6	0.002
-2.35	1.05	0.0023
-2.35	1.2	0.0075
-2.35	1.25	0.0201
-2.35	1.3	0.0236
-2.35	1.35	0.0135
-2.35	1.4	0.0043
-2.3	-1.4	0.0021
-2.3	-1.35	0.0085
-2.3	-1.3	0.0132
-2.3	-1.25	0.0108
-2.3	-1.2	0.0044
-2.3	-0.25	0.0044
-2.3	-0.2	0.0031
-2.3	-0.1	0.0171
-2.3	-0.05	0.0569
-2.3	0	0.0759
-2.3	0.05	0.054
-2.3	0.1	0.0192
-2.3	0.2	0.0023
-2.3	0.25	0.0033
-2.3	1.2	0.003
-2.3	1.25	0.0072
-2.3	1.3	0.0086
-2.3	1.35	0.0051
-2.25	-1.4	0.0107
-2.25	-1.35	0.0392
-2.25	-1.3	0.0631
-2.25	-1.25	0.0536
-2.25	-1.2	0.0201
-2.25	-1.1	0.0043
-2.25	-1.05	0.0067
-2.25	-0.9	0.0045
-2.25	-0.85	0.002
-2.25	-0.75	0.0032
-2.25	-0.7	0.0028
-2.25	-0.6	0.0024
-2.25	-0.55	0.0034
-2.25	-0.45	0.0031
-2.25	-0.4	0.0073
-2.25	-0.3	0.0033
-2.25	-0.25	0.0188
-2.25	-0.2	0.0129
-2.25	-0.15	0.0031
-2.25	-0.1	0.087
-2.25	-0.05	0.2691
-2.25	0	0.3716
-2.25	0.05	0.27
-2.25	0.1	0.089
-2.25	0.15	0.0043
-2.25	0.2	0.0118
-2.25	0.25	0.0174
-2.25	0.3	0.003
-2.25	0.4	0.0072
-2.25	0.45	0.0031
-2.25	0.55	0.0033
-2.25	0.6	0.0026
-2.25	0.75	0.0022
-2.25	0.9	0.003
-2.25	1.05	0.0048
-2.25	1.1	0.0031
-2.25	1.2	0.0131
-2.25	1.25	0.0356
-2.25	1.3	0.0422
-2.25	1.35	0.026
-2.25	1.4	0.0075
-2.2	-1.4	0.0105
-2.2	-1.35	0.0382
-2.2	-1.3	0.062
-2.2	-1.25	0.0513
-2.2	-1.2	0.0194
-2.2	-1.1	0.0042
-2.2	-1.05	0.0064
-2.2	-0.9	0.0045
-2.2	-0.85	0.0021
-2.2	-0.75	0.0036
-2.2	-0.7	0.0032
-2.2	-0.55	0.003
-2.2	-0.45	0.0035
-2.2	-0.4	0.0078
-2.2	-0.35	0.0021
-2.2	-0.3	0.0033
-2.2	-0.25	0.0173
-2.2	-0.2	0.0125
-2.2	-0.15	0.003
-2.2	-0.1	0.08
-2.2	-0.05	0.2525
-2.2	0	0.3481
-2.2	0.05	0.2508
-2.2	0.1	0.0835
-2.2	0.15	0.0023
-2.2	0.2	0.0117
-2.2	0.25	0.0164
-2.2	0.3	0.003
-2.2	0.4	0.0071
-2.2	0.45	0.003
-2.2	0.55	0.0035
-2.2	0.6	0.003
-2.2	0.9	0.0031
-2.2	1.05	0.0044
-2.2	1.1	0.0029
-2.2	1.2	0.0123
-2.2	1.25	0.0333
-2.2	1.3	0.0392
-2.2	1.35	0.0245
-2.2	1.4	0.0068
-2.15	-1.4	0.0033
-2.15	-1.35	0.0124
-2.15	-1.3	0.0207
-2.15	-1.25	0.0182
-2.15	-1.2	0.0066
-2.15	-1.05	0.0023
-2.15	-0.4	0.0032
-2.15	-0.25	0.0057
-2.15	-0.2	0.0043
-2.15	-0.1	0.0258
-2.15	-0.05	0.0815
-2.15	0	0.1148
-2.15	0.05	0.083
-2.15	0.1	0.0265
-2.15	0.2	0.004
-2.15	0.25	0.0058
-2.15	0.4	0.0026
-2.15	1.2	0.0036
-2.15	1.25	0.0105
-2.15	1.3	0.0128
-2.15	1.35	0.0078
-2.15	1.4	0.0023
-2.1	0	0.0026
-2.1	0.05	0.0024
-2.05	-1.35	0.0024
-2.05	-1.3	0.0112
-2.05	-1.25	0.019
-2.05	-1.2	0.0073
-2.05	-0.25	0.0031
-2.05	-0.1	0.015
-2.05	-0.05	0.0425
-2.05	0	0.057
-2.05	0.05	0.0413
-2.05	0.1	0.0136
-2.05	0.25	0.0024
-2.05	1.2	0.0022
-2.05	1.25	0.0055
-2.05	1.3	0.0062
-2.05	1.35	0.0038
-2	-1.35	0.0258
-2	-1.3	0.0325
-2	-1.25	0.0053
-2	-0.25	0.0054
-2	-0.2	0.0034
-2	-0.1	0.025
-2	-0.05	0.0744
-2	0	0.1008
-2	0.05	0.0732
-2	0.1	0.024
-2	0.2	0.0033
-2	0.25	0.0048
-2	1.2	0.0036
-2	1.25	0.0095
-2	1.3	0.011
-2	1.35	0.0068
-1.95	-1.4	0.0232
-1.95	-1.35	0.0206
-1.95	-1.3	0.0062
-1.95	-1.25	0.0027
-1.95	-0.7	0.0022
-1.95	-0.25	0.0032
-1.95	-0.2	0.0022
-1.95	-0.1	0.0142
-1.95	-0.05	0.042
-1.95	0	0.0561
-1.95	0.05	0.04
-1.95	0.1	0.0123
-1.95	0.2	0.0021
-1.95	0.25	0.0029
-1.95	1.25	0.0052
-1.95	1.3	0.006
-1.95	1.35	0.0037
-1.9	-1.2	0.0034
-1.9	-0.05	0.0042
-1.9	0	0.0052
-1.9	0.05	0.0034
-1.85	-0.1	0.0029
-1.85	-0.05	0.0077
-1.85	0	0.0111
-1.85	0.05	0.0093
-1.85	0.1	0.004
-1.8	-0.1	0.0025
-1.8	-0.05	0.0123
-1.8	0	0.0497
-1.8	0.05	0.0565
-1.8	0.1	0.0159
-1.8	1.25	0.0036
-1.8	1.3	0.0043
-1.8	1.35	0.0028
-1.75	-0.1	0.0199
-1.75	-0.05	0.0102
-1.75	0	0.0078
-1.75	0.05	0.0044
-1.75	0.25	0.0031
-1.75	0.3	0.0029
-1.75	1.25	0.0026
-1.75	1.3	0.0031
-1.75	1.35	0.0021
-1.7	-0.35	0.0035
-1.7	0	0.0034
-1.7	0.05	0.0108
-1.7	0.1	0.0128
-1.65	-0.1	0.0685
-1.65	-0.05	0.0431
-1.65	0	0.0109
-1.65	0.05	0.0032
-1.65	0.35	0.0022
-1.65	1.25	0.0035
-1.65	1.3	0.0035
-1.6	-0.1	0.0021
-1.6	-0.05	0.0112
-1.6	0	0.0316
-1.6	0.05	0.0714
-1.6	0.1	0.1025
-1.6	0.55	0.006
-1.6	0.6	0.0053
-1.6	1.05	0.0023
-1.6	1.25	0.0054
-1.6	1.3	0.0105
-1.6	1.35	0.0071
-1.55	-0.05	0.0031
-1.55	0	0.005
-1.55	0.05	0.0041
-1.55	0.25	0.0023
-1.55	0.35	0.0049
-1.55	0.75	0.0027
-1.55	0.8	0.005
-1.55	0.85	0.005
-1.55	1.25	0.0189
-1.55	1.3	0.0304
-1.55	1.35	0.0043
-1.5	0.55	0.005
-1.5	1.05	0.0047
-1.5	1.1	0.002
-1.45	0.75	0.0047
-1.45	1.25	0.006
-1.45	1.3	0.0124
-1.45	1.35	0.0021
-1.1	-0.05	0.137
-1.1	0	0.5244
-1.1	0.05	0.0352
-1.1	0.1	0.0089
-1.1	0.5	0.0023
-1.1	0.55	0.0037
-1.05	-0.25	0.042
-1.05	0.9	0.0047
-0.95	-0.45	0.026
-0.95	1.3	0.0023
-0.95	1.35	0.0032
-0.85	-0.6	0.0101
-0.65	-0.8	0.002
-0.6	-0.85	0.0043
-0.5	-0.9	0.0021