-2.7	0.0103
-2.7012	0.0108
-2.7024	0.0112
-2.7036	0.0117
-2.7048	0.0123
-2.706	0.0128
-2.7072	0.0134
-2.7084	0.014
-2.7096	0.0146
-2.7108	0.0152
-2.712	0.0159
-2.7132	0.0166
-2.7144	0.0173
-2.7156	0.0181
-2.7168	0.0188
-2.718	0.0196
-2.7192	0.0205
-2.7204	0.0214
-2.7216	0.0223
-2.7228	0.0232
-2.724	0.0242
-2.7252	0.0252
-2.7264	0.0262
-2.7276	0.0273
-2.7288	0.0284
-2.73	0.0296
-2.7312	0.0308
-2.7324	0.032
-2.7336	0.0333
-2.7348	0.0347
-2.736	0.036
-2.7372	0.0375
-2.7384	0.039
-2.7396	0.0405
-2.7408	0.0421
-2.742	0.0437
-2.7432	0.0454
-2.7444	0.0472
-2.7456	0.049
-2.7468	0.0509
-2.748	0.0528
-2.7492	0.0548
-2.7504	0.0569
-2.7516	0.059
-2.7528	0.0612
-2.754	0.0635
-2.7552	0.0659
-2.7564	0.0683
-2.7576	0.0708
-2.7588	0.0734
-2.76	0.076
-2.7612	0.0788
-2.7624	0.0816
-2.7636	0.0845
-2.7648	0.0875
-2.766	0.0906
-2.7672	0.0938
-2.7684	0.0971
-2.7696	0.1005
-2.7708	0.104
-2.772	0.1075
-2.7732	0.1112
-2.7744	0.115
-2.7756	0.1189
-2.7768	0.1229
-2.778	0.127
-2.7792	0.1313
-2.7804	0.1356
-2.7816	0.1401
-2.7828	0.1447
-2.784	0.1494
-2.7852	0.1543
-2.7864	0.1592
-2.7876	0.1643
-2.7888	0.1696
-2.79	0.175
-2.7912	0.1805
-2.7924	0.1861
-2.7936	0.1919
-2.7948	0.1979
-2.796	0.204
-2.7972	0.2102
-2.7984	0.2166
-2.7996	0.2231
-2.8008	0.2298
-2.802	0.2367
-2.8032	0.2437
-2.8044	0.2509
-2.8056	0.2583
-2.8068	0.2658
-2.808	0.2735
-2.8092	0.2813
-2.8104	0.2894
-2.8116	0.2976
-2.8128	0.306
-2.814	0.3146
-2.8152	0.3233
-2.8164	0.3323
-2.8176	0.3414
-2.8188	0.3507
-2.82	0.3602
-2.8212	0.37
-2.8224	0.3798
-2.8236	0.3899
-2.8248	0.4002
-2.826	0.4107
-2.8272	0.4214
-2.8284	0.4323
-2.8296	0.4434
-2.8308	0.4547
-2.832	0.4662
-2.8332	0.4779
-2.8344	0.4898
-2.8356	0.5019
-2.8368	0.5142
-2.838	0.5268
-2.8392	0.5395
-2.8404	0.5525
-2.8416	0.5657
-2.8428	0.579
-2.844	0.5926
-2.8452	0.6064
-2.8464	0.6204
-2.8476	0.6347
-2.8488	0.6491
-2.85	0.6638
-2.8512	0.6786
-2.8524	0.6937
-2.8536	0.7089
-2.8548	0.7244
-2.856	0.7401
-2.8572	0.756
-2.8584	0.7721
-2.8596	0.7884
-2.8608	0.8049
-2.862	0.8216
-2.8632	0.8385
-2.8644	0.8556
-2.8656	0.8729
-2.8668	0.8903
-2.868	0.908
-2.8692	0.9258
-2.8704	0.9439
-2.8716	0.9621
-2.8728	0.9805
-2.874	0.999
-2.8752	1.0178
-2.8764	1.0367
-2.8776	1.0557
-2.8788	1.075
-2.88	1.0943
-2.8812	1.1139
-2.8824	1.1335
-2.8836	1.1534
-2.8848	1.1733
-2.886	1.1934
-2.8872	1.2136
-2.8884	1.234
-2.8896	1.2544
-2.8908	1.275
-2.892	1.2957
-2.8932	1.3165
-2.8944	1.3373
-2.8956	1.3583
-2.8968	1.3794
-2.898	1.4005
-2.8992	1.4217
-2.9004	1.4429
-2.9016	1.4643
-2.9028	1.4856
-2.904	1.507
-2.9052	1.5285
-2.9064	1.55
-2.9076	1.5715
-2.9088	1.593
-2.91	1.6145
-2.9112	1.636
-2.9124	1.6576
-2.9136	1.6791
-2.9148	1.7005
-2.916	1.722
-2.9172	1.7434
-2.9184	1.7648
-2.9196	1.7861
-2.9208	1.8073
-2.922	1.8285
-2.9232	1.8496
-2.9244	1.8706
-2.9256	1.8915
-2.9268	1.9123
-2.928	1.9329
-2.9292	1.9535
-2.9304	1.9739
-2.9316	1.9942
-2.9328	2.0143
-2.934	2.0343
-2.9352	2.0541
-2.9364	2.0737
-2.9376	2.0932
-2.9388	2.1124
-2.94	2.1315
-2.9412	2.1503
-2.9424	2.1689
-2.9436	2.1873
-2.9448	2.2055
-2.946	2.2234
-2.9472	2.2411
-2.9484	2.2585
-2.9496	2.2756
-2.9508	2.2924
-2.952	2.309
-2.9532	2.3253
-2.9544	2.3412
-2.9556	2.3569
-2.9568	2.3723
-2.958	2.3873
-2.9592	2.402
-2.9604	2.4163
-2.9616	2.4303
-2.9628	2.444
-2.964	2.4572
-2.9652	2.4702
-2.9664	2.4827
-2.9676	2.4949
-2.9688	2.5067
-2.97	2.518
-2.9712	2.529
-2.9724	2.5396
-2.9736	2.5498
-2.9748	2.5596
-2.976	2.5689
-2.9772	2.5778
-2.9784	2.5863
-2.9796	2.5944
-2.9808	2.602
-2.982	2.6092
-2.9832	2.6159
-2.9844	2.6222
-2.9856	2.628
-2.9868	2.6334
-2.988	2.6383
-2.9892	2.6428
-2.9904	2.6468
-2.9916	2.6503
-2.9928	2.6534
-2.994	2.656
-2.9952	2.6581
-2.9964	2.6598
-2.9976	2.661
-2.9988	2.6617
-3	2.6619
-3.0012	2.6617
-3.0024	2.661
-3.0036	2.6598
-3.0048	2.6581
-3.006	2.656
-3.0072	2.6534
-3.0084	2.6503
-3.0096	2.6468
-3.0108	2.6428
-3.012	2.6383
-3.0132	2.6334
-3.0144	2.628
-3.0156	2.6222
-3.0168	2.6159
-3.018	2.6092
-3.0192	2.602
-3.0204	2.5944
-3.0216	2.5863
-3.0228	2.5778
-3.024	2.5689
-3.0252	2.5596
-3.0264	2.5498
-3.0276	2.5396
-3.0288	2.529
-3.03	2.518
-3.0312	2.5067
-3.0324	2.4949
-3.0336	2.4827
-3.0348	2.4702
-3.036	2.4572
-3.0372	2.444
-3.0384	2.4303
-3.0396	2.4163
-3.0408	2.402
-3.042	2.3873
-3.0432	2.3723
-3.0444	2.3569
-3.0456	2.3412
-3.0468	2.3253
-3.048	2.309
-3.0492	2.2924
-3.0504	2.2756
-3.0516	2.2585
-3.0528	2.2411
-3.054	2.2234
-3.0552	2.2055
-3.0564	2.1873
-3.0576	2.1689
-3.0588	2.1503
-3.06	2.1315
-3.0612	2.1124
-3.0624	2.0932
-3.0636	2.0737
-3.0648	2.0541
-3.066	2.0343
-3.0672	2.0143
-3.0684	1.9942
-3.0696	1.9739
-3.0708	1.9535
-3.072	1.9329
-3.0732	1.9123
-3.0744	1.8915
-3.0756	1.8706
-3.0768	1.8496
-3.078	1.8285
-3.0792	1.8073
-3.0804	1.7861
-3.0816	1.7648
-3.0828	1.7434
-3.084	1.722
-3.0852	1.7005
-3.0864	1.6791
-3.0876	1.6576
-3.0888	1.636
-3.09	1.6145
-3.0912	1.593
-3.0924	1.5715
-3.0936	1.55
-3.0948	1.5285
-3.096	1.507
-3.0972	1.4856
-3.0984	1.4643
-3.0996	1.4429
-3.1008	1.4217
-3.102	1.4005
-3.1032	1.3794
-3.1044	1.3583
-3.1056	1.3373
-3.1068	1.3165
-3.108	1.2957
-3.1092	1.275
-3.1104	1.2544
-3.1116	1.234
-3.1128	1.2136
-3.114	1.1934
-3.1152	1.1733
-3.1164	1.1534
-3.1176	1.1335
-3.1188	1.1139
-3.12	1.0943
-3.1212	1.075
-3.1224	1.0557
-3.1236	1.0367
-3.1248	1.0178
-3.126	0.999
-3.1272	0.9805
-3.1284	0.9621
-3.1296	0.9439
-3.1308	0.9258
-3.132	0.908
-3.1332	0.8903
-3.1344	0.8729
-3.1356	0.8556
-3.1368	0.8385
-3.138	0.8216
-3.1392	0.8049
-3.1404	0.7884
-3.1416	0.7721
-3.1428	0.756
-3.144	0.7401
-3.1452	0.7244
-3.1464	0.7089
-3.1476	0.6937
-3.1488	0.6786
-3.15	0.6638
-3.1512	0.6491
-3.1524	0.6347
-3.1536	0.6204
-3.1548	0.6064
-3.156	0.5926
-3.1572	0.579
-3.1584	0.5657
-3.1596	0.5525
-3.1608	0.5395
-3.162	0.5268
-3.1632	0.5142
-3.1644	0.5019
-3.1656	0.4898
-3.1668	0.4779
-3.168	0.4662
-3.1692	0.4547
-3.1704	0.4434
-3.1716	0.4323
-3.1728	0.4214
-3.174	0.4107
-3.1752	0.4002
-3.1764	0.3899
-3.1776	0.3798
-3.1788	0.37
-3.18	0.3602
-3.1812	0.3507
-3.1824	0.3414
-3.1836	0.3323
-3.1848	0.3233
-3.186	0.3146
-3.1872	0.306
-3.1884	0.2976
-3.1896	0.2894
-3.1908	0.2813
-3.192	0.2735
-3.1932	0.2658
-3.1944	0.2583
-3.1956	0.2509
-3.1968	0.2437
-3.198	0.2367
-3.1992	0.2298
-3.2004	0.2231
-3.2016	0.2166
-3.2028	0.2102
-3.204	0.204
-3.2052	0.1979
-3.2064	0.1919
-3.2076	0.1861
-3.2088	0.1805
-3.21	0.175
-3.2112	0.1696
-3.2124	0.1643
-3.2136	0.1592
-3.2148	0.1543
-3.216	0.1494
-3.2172	0.1447
-3.2184	0.1401
-3.2196	0.1356
-3.2208	0.1313
-3.222	0.127
-3.2232	0.1229
-3.2244	0.1189
-3.2256	0.115
-3.2268	0.1112
-3.228	0.1075
-3.2292	0.104
-3.2304	0.1005
-3.2316	0.0971
-3.2328	0.0938
-3.234	0.0906
-3.2352	0.0875
-3.2364	0.0845
-3.2376	0.0816
-3.2388	0.0788
-3.24	0.076
-3.2412	0.0734
-3.2424	0.0708
-3.2436	0.0683
-3.2448	0.0659
-3.246	0.0635
-3.2472	0.0612
-3.2484	0.059
-3.2496	0.0569
-3.2508	0.0548
-3.252	0.0528
-3.2532	0.0509
-3.2544	0.049
-3.2556	0.0472
-3.2568	0.0454
-3.258	0.0437
-3.2592	0.0421
-3.2604	0.0405
-3.2616	0.039
-3.2628	0.0375
-3.264	0.036
-3.2652	0.0347
-3.2664	0.0333
-3.2676	0.032
-3.2688	0.0308
-3.27	0.0296
-3.2712	0.0284
-3.2724	0.0273
-3.2736	0.0262
-3.2748	0.0252
-3.276	0.0242
-3.2772	0.0232
-3.2784	0.0223
-3.2796	0.0214
-3.2808	0.0205
-3.282	0.0196
-3.2832	0.0188
-3.2844	0.0181
-3.2856	0.0173
-3.2868	0.0166
-3.288	0.0159
-3.2892	0.0152
-3.2904	0.0146
-3.2916	0.014
-3.2928	0.0134
-3.294	0.0128
-3.2952	0.0123
-3.2964	0.0117
-3.2976	0.0112
-3.2988	0.0108
-3.3	0.0103